1 1 1 1 2 2 -1 7 7 7 4 8 4 7 8 9 6 5 6 4 5 5 6 7 7 -1 10 1 1 1 1 1 1 11 2 2 1 1 -1 -2 
1 12 2 1 -1 -2 
13 14 -1 17 -1 18 18 15 16 -1 -2 
36 1 1 2 11 23 1 2 1 -1 11 35 38 21 11 37 -1 1 2 39 30 30 30 30 36 11 35 1 11 30 -1 -2 
39 2 1 1 -1 39 37 11 21 39 23 40 29 29 -1 -2 
11 12 39 1 1 2 -1 -2 
2 20 1 23 22 20 11 21 1 2 -1 24 25 24 -1 23 22 20 11 -1 -2 
20 2 1 1 -1 29 27 26 -1 30 -1 23 22 20 11 24 18 31 31 -1 -2 
1 1 2 20 -1 23 20 22 11 36 11 34 22 35 34 11 22 20 20 -1 1 23 2 20 32 32 30 21 11 20 22 33 1 -1 -2 
29 29 29 29 11 29 29 2 29 -1 -2 
43 43 43 43 43 2 -1 24 31 11 -1 2 -1 44 44 44 44 44 44 44 44 44 44 44 24 44 44 44 44 44 44 24 44 24 44 44 45 2 24 44 44 24 44 44 44 44 44 44 44 44 -1 24 11 -1 -2 
48 41 42 -1 -2 
48 41 48 41 42 2 49 46 -1 46 46 46 46 46 46 -1 -2 
21 41 42 1 -1 -2 
30 30 2 2 -1 -2 
1 -1 32 27 36 -1 -2 
42 41 -1 47 50 51 -1 52 50 47 -1 -2 
41 42 39 -1 53 52 -1 -2 
57 56 55 42 41 -1 56 16 15 52 56 56 58 -1 -2 
2 20 -1 20 56 -1 -2 
36 24 24 24 24 24 -1 -2 
61 36 57 61 57 61 61 60 60 42 59 1 41 57 -1 -2 
64 64 2 39 39 -1 -2 
44 12 2 39 72 -1 -2 
2 32 2 30 -1 -2 
2 42 41 -1 62 62 62 62 63 -1 51 51 -1 62 -1 -2 
2 42 41 -1 71 70 65 42 41 -1 69 69 69 68 67 66 42 41 67 65 -1 -2 
41 42 65 68 66 65 67 67 66 66 -1 68 65 71 66 66 42 68 41 68 -1 65 41 68 70 66 66 71 42 -1 -2 
66 53 65 68 66 2 42 65 41 -1 66 68 -1 68 65 2 42 41 -1 41 42 66 66 68 65 70 71 71 -1 -2 
