1 -1 #SUP: 11
2 -1 #SUP: 19
11 -1 #SUP: 9
20 -1 #SUP: 4
21 -1 #SUP: 5
23 -1 #SUP: 5
24 -1 #SUP: 4
30 -1 #SUP: 5
36 -1 #SUP: 5
39 -1 #SUP: 6
41 -1 #SUP: 11
42 -1 #SUP: 11
41 42 -1 #SUP: 11
2 42 -1 #SUP: 4
2 41 -1 #SUP: 4
2 39 -1 #SUP: 5
2 30 -1 #SUP: 4
11 23 -1 #SUP: 5
2 -1 23 -1 #SUP: 4
1 -1 23 -1 #SUP: 4
11 21 -1 #SUP: 4
20 -1 20 -1 #SUP: 4
2 20 -1 #SUP: 4
2 -1 20 -1 #SUP: 4
11 -1 11 -1 #SUP: 4
2 11 -1 #SUP: 6
2 -1 11 -1 #SUP: 7
1 11 -1 #SUP: 5
1 -1 11 -1 #SUP: 6
2 -1 2 -1 #SUP: 5
1 2 -1 #SUP: 8
2 -1 11 23 -1 #SUP: 4
2 20 -1 20 -1 #SUP: 4
2 41 42 -1 #SUP: 4
1 2 -1 11 -1 #SUP: 6
1 2 11 -1 #SUP: 5
1 2 -1 23 -1 #SUP: 4
1 2 -1 11 23 -1 #SUP: 4
1 -1 11 23 -1 #SUP: 4
