1 -1 #SUP: 11
2 -1 #SUP: 19
11 -1 #SUP: 9
12 -1 #SUP: 3
20 -1 #SUP: 4
21 -1 #SUP: 5
22 -1 #SUP: 3
23 -1 #SUP: 5
24 -1 #SUP: 4
29 -1 #SUP: 3
30 -1 #SUP: 5
32 -1 #SUP: 3
36 -1 #SUP: 5
39 -1 #SUP: 6
41 -1 #SUP: 11
42 -1 #SUP: 11
52 -1 #SUP: 3
65 -1 #SUP: 3
66 -1 #SUP: 3
68 -1 #SUP: 3
70 -1 #SUP: 3
71 -1 #SUP: 3
42 -1 71 -1 #SUP: 3
41 -1 71 -1 #SUP: 3
42 -1 70 -1 #SUP: 3
41 -1 70 -1 #SUP: 3
65 -1 68 -1 #SUP: 3
42 -1 68 -1 #SUP: 3
41 -1 68 -1 #SUP: 3
65 -1 66 -1 #SUP: 3
42 -1 66 -1 #SUP: 3
41 -1 66 -1 #SUP: 3
65 -1 65 -1 #SUP: 3
42 65 -1 #SUP: 3
42 -1 65 -1 #SUP: 3
65 -1 42 -1 #SUP: 3
41 65 -1 #SUP: 3
41 -1 65 -1 #SUP: 3
65 -1 41 -1 #SUP: 3
65 -1 41 42 -1 #SUP: 3
65 -1 41 65 -1 #SUP: 3
65 -1 66 41 -1 #SUP: 3
65 -1 68 41 -1 #SUP: 3
65 -1 41 42 65 -1 #SUP: 3
65 -1 42 65 -1 #SUP: 3
65 -1 66 42 -1 #SUP: 3
65 -1 68 42 -1 #SUP: 3
65 -1 66 65 -1 #SUP: 3
65 -1 68 65 -1 #SUP: 3
65 -1 68 66 -1 #SUP: 3
65 -1 66 42 65 -1 #SUP: 3
65 -1 66 41 65 -1 #SUP: 3
65 -1 66 41 42 -1 #SUP: 3
65 -1 66 41 42 65 -1 #SUP: 3
65 -1 68 42 65 -1 #SUP: 3
65 -1 68 41 65 -1 #SUP: 3
65 -1 68 41 42 -1 #SUP: 3
65 -1 68 41 42 65 -1 #SUP: 3
42 -1 52 -1 #SUP: 3
41 -1 52 -1 #SUP: 3
42 -1 42 -1 #SUP: 3
41 42 -1 #SUP: 11
41 -1 42 -1 #SUP: 3
42 -1 41 -1 #SUP: 3
2 42 -1 #SUP: 4
42 -1 41 -1 41 -1 #SUP: 3
42 -1 41 42 -1 #SUP: 3
42 -1 42 -1 41 -1 #SUP: 3
42 -1 41 -1 42 -1 #SUP: 3
42 -1 41 65 -1 #SUP: 3
42 -1 65 -1 41 -1 #SUP: 3
42 -1 41 -1 65 -1 #SUP: 3
42 65 -1 41 -1 #SUP: 3
42 -1 66 41 -1 #SUP: 3
42 -1 41 -1 66 -1 #SUP: 3
42 -1 68 41 -1 #SUP: 3
42 -1 41 -1 68 -1 #SUP: 3
42 -1 41 65 -1 68 -1 #SUP: 3
42 -1 41 42 -1 68 -1 #SUP: 3
42 -1 41 65 -1 66 -1 #SUP: 3
42 -1 41 42 -1 66 -1 #SUP: 3
42 -1 41 65 -1 65 -1 #SUP: 3
42 -1 41 -1 42 65 -1 #SUP: 3
42 -1 41 42 -1 65 -1 #SUP: 3
42 -1 41 -1 41 65 -1 #SUP: 3
42 -1 41 65 -1 42 -1 #SUP: 3
42 -1 41 42 65 -1 #SUP: 3
42 -1 41 65 -1 41 -1 #SUP: 3
42 -1 41 65 -1 41 42 -1 #SUP: 3
42 -1 41 65 -1 41 65 -1 #SUP: 3
42 -1 41 65 -1 66 41 -1 #SUP: 3
42 -1 41 65 -1 68 41 -1 #SUP: 3
42 -1 41 65 -1 41 42 65 -1 #SUP: 3
42 -1 41 65 -1 42 65 -1 #SUP: 3
42 -1 41 65 -1 66 42 -1 #SUP: 3
42 -1 41 65 -1 68 42 -1 #SUP: 3
42 -1 41 65 -1 66 65 -1 #SUP: 3
42 -1 41 65 -1 68 65 -1 #SUP: 3
42 -1 41 65 -1 68 66 -1 #SUP: 3
42 -1 41 65 -1 66 42 65 -1 #SUP: 3
42 -1 41 65 -1 66 41 65 -1 #SUP: 3
42 -1 41 65 -1 66 41 42 -1 #SUP: 3
42 -1 41 65 -1 66 41 42 65 -1 #SUP: 3
42 -1 41 65 -1 68 42 65 -1 #SUP: 3
42 -1 41 65 -1 68 41 65 -1 #SUP: 3
42 -1 41 65 -1 68 41 42 -1 #SUP: 3
42 -1 41 65 -1 68 41 42 65 -1 #SUP: 3
42 -1 41 42 -1 42 -1 #SUP: 3
42 -1 41 -1 41 42 -1 #SUP: 3
42 -1 41 42 -1 41 -1 #SUP: 3
42 -1 41 42 -1 41 42 -1 #SUP: 3
42 -1 41 42 65 -1 41 -1 #SUP: 3
42 -1 41 42 -1 41 65 -1 #SUP: 3
42 -1 41 42 -1 66 41 -1 #SUP: 3
42 -1 41 42 -1 68 41 -1 #SUP: 3
42 -1 41 42 -1 41 42 65 -1 #SUP: 3
42 -1 41 42 65 -1 42 -1 #SUP: 3
42 -1 41 42 -1 42 65 -1 #SUP: 3
42 -1 41 42 -1 66 42 -1 #SUP: 3
42 -1 41 42 -1 68 42 -1 #SUP: 3
42 -1 41 42 65 -1 65 -1 #SUP: 3
42 -1 41 42 65 -1 66 -1 #SUP: 3
42 -1 41 42 65 -1 68 -1 #SUP: 3
42 -1 41 42 65 -1 42 65 -1 #SUP: 3
42 -1 41 42 65 -1 41 65 -1 #SUP: 3
42 -1 41 42 65 -1 41 42 -1 #SUP: 3
42 -1 41 42 65 -1 41 42 65 -1 #SUP: 3
42 -1 41 42 -1 66 65 -1 #SUP: 3
42 -1 41 42 -1 68 65 -1 #SUP: 3
42 -1 41 42 -1 68 66 -1 #SUP: 3
42 -1 41 42 -1 66 42 65 -1 #SUP: 3
42 -1 41 42 -1 66 41 65 -1 #SUP: 3
42 -1 41 42 -1 66 41 42 -1 #SUP: 3
42 -1 41 42 -1 66 41 42 65 -1 #SUP: 3
42 -1 41 42 -1 68 42 65 -1 #SUP: 3
42 -1 41 42 -1 68 41 65 -1 #SUP: 3
42 -1 41 42 -1 68 41 42 -1 #SUP: 3
42 -1 41 42 -1 68 41 42 65 -1 #SUP: 3
42 -1 41 -1 41 42 65 -1 #SUP: 3
42 -1 42 -1 42 -1 #SUP: 3
42 -1 42 65 -1 #SUP: 3
42 -1 65 -1 42 -1 #SUP: 3
42 -1 42 -1 65 -1 #SUP: 3
42 65 -1 42 -1 #SUP: 3
42 -1 66 42 -1 #SUP: 3
42 -1 42 -1 66 -1 #SUP: 3
42 -1 68 42 -1 #SUP: 3
42 -1 42 -1 68 -1 #SUP: 3
42 -1 42 65 -1 68 -1 #SUP: 3
42 -1 42 65 -1 66 -1 #SUP: 3
42 -1 42 65 -1 65 -1 #SUP: 3
42 -1 42 -1 42 65 -1 #SUP: 3
42 -1 42 -1 41 65 -1 #SUP: 3
42 -1 42 65 -1 42 -1 #SUP: 3
42 -1 42 65 -1 41 -1 #SUP: 3
42 -1 42 65 -1 41 42 -1 #SUP: 3
42 -1 42 65 -1 41 65 -1 #SUP: 3
42 -1 42 65 -1 66 41 -1 #SUP: 3
42 -1 42 65 -1 68 41 -1 #SUP: 3
42 -1 42 65 -1 41 42 65 -1 #SUP: 3
42 -1 42 65 -1 42 65 -1 #SUP: 3
42 -1 42 65 -1 66 42 -1 #SUP: 3
42 -1 42 65 -1 68 42 -1 #SUP: 3
42 -1 42 65 -1 66 65 -1 #SUP: 3
42 -1 42 65 -1 68 65 -1 #SUP: 3
42 -1 42 65 -1 68 66 -1 #SUP: 3
42 -1 42 65 -1 66 42 65 -1 #SUP: 3
42 -1 42 65 -1 66 41 65 -1 #SUP: 3
42 -1 42 65 -1 66 41 42 -1 #SUP: 3
42 -1 42 65 -1 66 41 42 65 -1 #SUP: 3
42 -1 42 65 -1 68 42 65 -1 #SUP: 3
42 -1 42 65 -1 68 41 65 -1 #SUP: 3
42 -1 42 65 -1 68 41 42 -1 #SUP: 3
42 -1 42 65 -1 68 41 42 65 -1 #SUP: 3
42 -1 42 -1 41 42 -1 #SUP: 3
42 -1 42 -1 41 42 65 -1 #SUP: 3
42 -1 65 -1 65 -1 #SUP: 3
42 65 -1 65 -1 #SUP: 3
42 -1 66 65 -1 #SUP: 3
42 -1 65 -1 66 -1 #SUP: 3
42 -1 68 65 -1 #SUP: 3
42 -1 65 -1 68 -1 #SUP: 3
42 -1 65 -1 42 65 -1 #SUP: 3
42 -1 65 -1 41 65 -1 #SUP: 3
42 -1 65 -1 41 42 -1 #SUP: 3
42 -1 65 -1 41 42 65 -1 #SUP: 3
42 65 -1 66 -1 #SUP: 3
42 65 -1 68 -1 #SUP: 3
42 65 -1 42 65 -1 #SUP: 3
42 65 -1 41 65 -1 #SUP: 3
42 65 -1 41 42 -1 #SUP: 3
42 65 -1 41 42 65 -1 #SUP: 3
42 -1 68 66 -1 #SUP: 3
42 -1 66 42 65 -1 #SUP: 3
42 -1 66 41 65 -1 #SUP: 3
42 -1 66 41 42 -1 #SUP: 3
42 -1 66 41 42 65 -1 #SUP: 3
42 -1 68 42 65 -1 #SUP: 3
42 -1 68 41 65 -1 #SUP: 3
42 -1 68 41 42 -1 #SUP: 3
42 -1 68 41 42 65 -1 #SUP: 3
41 -1 41 -1 #SUP: 3
2 41 -1 #SUP: 4
41 -1 41 -1 41 -1 #SUP: 3
41 -1 41 42 -1 #SUP: 3
41 -1 42 -1 41 -1 #SUP: 3
41 -1 41 -1 42 -1 #SUP: 3
41 42 -1 41 -1 #SUP: 3
41 -1 41 65 -1 #SUP: 3
41 -1 65 -1 41 -1 #SUP: 3
41 -1 41 -1 65 -1 #SUP: 3
41 65 -1 41 -1 #SUP: 3
41 -1 66 41 -1 #SUP: 3
41 -1 41 -1 66 -1 #SUP: 3
41 -1 68 41 -1 #SUP: 3
41 -1 41 -1 68 -1 #SUP: 3
41 -1 41 65 -1 68 -1 #SUP: 3
41 -1 41 42 -1 68 -1 #SUP: 3
41 -1 41 65 -1 66 -1 #SUP: 3
41 -1 41 42 -1 66 -1 #SUP: 3
41 -1 41 65 -1 65 -1 #SUP: 3
41 -1 41 -1 42 65 -1 #SUP: 3
41 -1 41 42 -1 65 -1 #SUP: 3
41 -1 41 -1 41 65 -1 #SUP: 3
41 -1 41 65 -1 42 -1 #SUP: 3
41 -1 41 42 65 -1 #SUP: 3
41 -1 41 65 -1 41 -1 #SUP: 3
41 -1 41 65 -1 41 42 -1 #SUP: 3
41 -1 41 65 -1 41 65 -1 #SUP: 3
41 -1 41 65 -1 66 41 -1 #SUP: 3
41 -1 41 65 -1 68 41 -1 #SUP: 3
41 -1 41 65 -1 41 42 65 -1 #SUP: 3
41 -1 41 65 -1 42 65 -1 #SUP: 3
41 -1 41 65 -1 66 42 -1 #SUP: 3
41 -1 41 65 -1 68 42 -1 #SUP: 3
41 -1 41 65 -1 66 65 -1 #SUP: 3
41 -1 41 65 -1 68 65 -1 #SUP: 3
41 -1 41 65 -1 68 66 -1 #SUP: 3
41 -1 41 65 -1 66 42 65 -1 #SUP: 3
41 -1 41 65 -1 66 41 65 -1 #SUP: 3
41 -1 41 65 -1 66 41 42 -1 #SUP: 3
41 -1 41 65 -1 66 41 42 65 -1 #SUP: 3
41 -1 41 65 -1 68 42 65 -1 #SUP: 3
41 -1 41 65 -1 68 41 65 -1 #SUP: 3
41 -1 41 65 -1 68 41 42 -1 #SUP: 3
41 -1 41 65 -1 68 41 42 65 -1 #SUP: 3
41 -1 41 42 -1 42 -1 #SUP: 3
41 -1 41 -1 41 42 -1 #SUP: 3
41 -1 41 42 -1 41 -1 #SUP: 3
41 -1 41 42 -1 41 42 -1 #SUP: 3
41 -1 41 42 65 -1 41 -1 #SUP: 3
41 -1 41 42 -1 41 65 -1 #SUP: 3
41 -1 41 42 -1 66 41 -1 #SUP: 3
41 -1 41 42 -1 68 41 -1 #SUP: 3
41 -1 41 42 -1 41 42 65 -1 #SUP: 3
41 -1 41 42 65 -1 42 -1 #SUP: 3
41 -1 41 42 -1 42 65 -1 #SUP: 3
41 -1 41 42 -1 66 42 -1 #SUP: 3
41 -1 41 42 -1 68 42 -1 #SUP: 3
41 -1 41 42 65 -1 65 -1 #SUP: 3
41 -1 41 42 65 -1 66 -1 #SUP: 3
41 -1 41 42 65 -1 68 -1 #SUP: 3
41 -1 41 42 65 -1 42 65 -1 #SUP: 3
41 -1 41 42 65 -1 41 65 -1 #SUP: 3
41 -1 41 42 65 -1 41 42 -1 #SUP: 3
41 -1 41 42 65 -1 41 42 65 -1 #SUP: 3
41 -1 41 42 -1 66 65 -1 #SUP: 3
41 -1 41 42 -1 68 65 -1 #SUP: 3
41 -1 41 42 -1 68 66 -1 #SUP: 3
41 -1 41 42 -1 66 42 65 -1 #SUP: 3
41 -1 41 42 -1 66 41 65 -1 #SUP: 3
41 -1 41 42 -1 66 41 42 -1 #SUP: 3
41 -1 41 42 -1 66 41 42 65 -1 #SUP: 3
41 -1 41 42 -1 68 42 65 -1 #SUP: 3
41 -1 41 42 -1 68 41 65 -1 #SUP: 3
41 -1 41 42 -1 68 41 42 -1 #SUP: 3
41 -1 41 42 -1 68 41 42 65 -1 #SUP: 3
41 -1 41 -1 41 42 65 -1 #SUP: 3
41 -1 42 -1 42 -1 #SUP: 3
41 42 -1 42 -1 #SUP: 3
41 -1 42 65 -1 #SUP: 3
41 -1 65 -1 42 -1 #SUP: 3
41 -1 42 -1 65 -1 #SUP: 3
41 65 -1 42 -1 #SUP: 3
41 -1 66 42 -1 #SUP: 3
41 -1 42 -1 66 -1 #SUP: 3
41 -1 68 42 -1 #SUP: 3
41 -1 42 -1 68 -1 #SUP: 3
41 -1 42 65 -1 68 -1 #SUP: 3
41 -1 42 65 -1 66 -1 #SUP: 3
41 -1 42 65 -1 65 -1 #SUP: 3
41 -1 42 -1 42 65 -1 #SUP: 3
41 -1 42 -1 41 65 -1 #SUP: 3
41 -1 42 65 -1 42 -1 #SUP: 3
41 -1 42 65 -1 41 -1 #SUP: 3
41 -1 42 65 -1 41 42 -1 #SUP: 3
41 -1 42 65 -1 41 65 -1 #SUP: 3
41 -1 42 65 -1 66 41 -1 #SUP: 3
41 -1 42 65 -1 68 41 -1 #SUP: 3
41 -1 42 65 -1 41 42 65 -1 #SUP: 3
41 -1 42 65 -1 42 65 -1 #SUP: 3
41 -1 42 65 -1 66 42 -1 #SUP: 3
41 -1 42 65 -1 68 42 -1 #SUP: 3
41 -1 42 65 -1 66 65 -1 #SUP: 3
41 -1 42 65 -1 68 65 -1 #SUP: 3
41 -1 42 65 -1 68 66 -1 #SUP: 3
41 -1 42 65 -1 66 42 65 -1 #SUP: 3
41 -1 42 65 -1 66 41 65 -1 #SUP: 3
41 -1 42 65 -1 66 41 42 -1 #SUP: 3
41 -1 42 65 -1 66 41 42 65 -1 #SUP: 3
41 -1 42 65 -1 68 42 65 -1 #SUP: 3
41 -1 42 65 -1 68 41 65 -1 #SUP: 3
41 -1 42 65 -1 68 41 42 -1 #SUP: 3
41 -1 42 65 -1 68 41 42 65 -1 #SUP: 3
41 -1 42 -1 41 42 -1 #SUP: 3
41 -1 42 -1 41 42 65 -1 #SUP: 3
41 42 -1 52 -1 #SUP: 3
41 42 -1 65 -1 #SUP: 3
41 42 65 -1 #SUP: 3
41 42 -1 66 -1 #SUP: 3
41 42 -1 68 -1 #SUP: 3
41 42 -1 70 -1 #SUP: 3
41 42 -1 71 -1 #SUP: 3
41 42 65 -1 68 -1 #SUP: 3
41 42 -1 65 -1 68 -1 #SUP: 3
41 42 -1 42 -1 68 -1 #SUP: 3
41 42 -1 41 -1 68 -1 #SUP: 3
41 42 65 -1 66 -1 #SUP: 3
41 42 -1 65 -1 66 -1 #SUP: 3
41 42 -1 42 -1 66 -1 #SUP: 3
41 42 -1 41 -1 66 -1 #SUP: 3
41 42 65 -1 65 -1 #SUP: 3
41 42 65 -1 42 -1 #SUP: 3
41 42 65 -1 41 -1 #SUP: 3
41 42 65 -1 41 42 -1 #SUP: 3
41 42 65 -1 41 65 -1 #SUP: 3
41 42 65 -1 66 41 -1 #SUP: 3
41 42 65 -1 68 41 -1 #SUP: 3
41 42 65 -1 41 42 65 -1 #SUP: 3
41 42 65 -1 42 65 -1 #SUP: 3
41 42 65 -1 66 42 -1 #SUP: 3
41 42 65 -1 68 42 -1 #SUP: 3
41 42 65 -1 66 65 -1 #SUP: 3
41 42 65 -1 68 65 -1 #SUP: 3
41 42 65 -1 68 66 -1 #SUP: 3
41 42 65 -1 66 42 65 -1 #SUP: 3
41 42 65 -1 66 41 65 -1 #SUP: 3
41 42 65 -1 66 41 42 -1 #SUP: 3
41 42 65 -1 66 41 42 65 -1 #SUP: 3
41 42 65 -1 68 42 65 -1 #SUP: 3
41 42 65 -1 68 41 65 -1 #SUP: 3
41 42 65 -1 68 41 42 -1 #SUP: 3
41 42 65 -1 68 41 42 65 -1 #SUP: 3
41 42 -1 65 -1 65 -1 #SUP: 3
41 42 -1 42 65 -1 #SUP: 3
41 42 -1 42 -1 65 -1 #SUP: 3
41 42 -1 65 -1 42 -1 #SUP: 3
41 42 -1 41 65 -1 #SUP: 3
41 42 -1 41 -1 65 -1 #SUP: 3
41 42 -1 65 -1 41 -1 #SUP: 3
41 42 -1 65 -1 41 42 -1 #SUP: 3
41 42 -1 65 -1 41 65 -1 #SUP: 3
41 42 -1 65 -1 66 41 -1 #SUP: 3
41 42 -1 65 -1 68 41 -1 #SUP: 3
41 42 -1 65 -1 41 42 65 -1 #SUP: 3
41 42 -1 65 -1 42 65 -1 #SUP: 3
41 42 -1 65 -1 66 42 -1 #SUP: 3
41 42 -1 65 -1 68 42 -1 #SUP: 3
41 42 -1 65 -1 66 65 -1 #SUP: 3
41 42 -1 65 -1 68 65 -1 #SUP: 3
41 42 -1 65 -1 68 66 -1 #SUP: 3
41 42 -1 65 -1 66 42 65 -1 #SUP: 3
41 42 -1 65 -1 66 41 65 -1 #SUP: 3
41 42 -1 65 -1 66 41 42 -1 #SUP: 3
41 42 -1 65 -1 66 41 42 65 -1 #SUP: 3
41 42 -1 65 -1 68 42 65 -1 #SUP: 3
41 42 -1 65 -1 68 41 65 -1 #SUP: 3
41 42 -1 65 -1 68 41 42 -1 #SUP: 3
41 42 -1 65 -1 68 41 42 65 -1 #SUP: 3
41 42 -1 42 -1 42 -1 #SUP: 3
41 42 -1 41 42 -1 #SUP: 3
41 42 -1 41 -1 42 -1 #SUP: 3
41 42 -1 42 -1 41 -1 #SUP: 3
41 42 -1 42 -1 41 42 -1 #SUP: 3
41 42 -1 42 -1 41 65 -1 #SUP: 3
41 42 -1 42 65 -1 41 -1 #SUP: 3
41 42 -1 42 -1 66 41 -1 #SUP: 3
41 42 -1 42 -1 68 41 -1 #SUP: 3
41 42 -1 42 -1 41 42 65 -1 #SUP: 3
41 42 -1 42 -1 42 65 -1 #SUP: 3
41 42 -1 42 65 -1 42 -1 #SUP: 3
41 42 -1 42 -1 66 42 -1 #SUP: 3
41 42 -1 42 -1 68 42 -1 #SUP: 3
41 42 -1 42 65 -1 65 -1 #SUP: 3
41 42 -1 42 -1 66 65 -1 #SUP: 3
41 42 -1 42 -1 68 65 -1 #SUP: 3
41 42 -1 42 65 -1 66 -1 #SUP: 3
41 42 -1 42 65 -1 68 -1 #SUP: 3
41 42 -1 42 65 -1 42 65 -1 #SUP: 3
41 42 -1 42 65 -1 41 65 -1 #SUP: 3
41 42 -1 42 65 -1 41 42 -1 #SUP: 3
41 42 -1 42 65 -1 41 42 65 -1 #SUP: 3
41 42 -1 42 -1 68 66 -1 #SUP: 3
41 42 -1 42 -1 66 42 65 -1 #SUP: 3
41 42 -1 42 -1 66 41 65 -1 #SUP: 3
41 42 -1 42 -1 66 41 42 -1 #SUP: 3
41 42 -1 42 -1 66 41 42 65 -1 #SUP: 3
41 42 -1 42 -1 68 42 65 -1 #SUP: 3
41 42 -1 42 -1 68 41 65 -1 #SUP: 3
41 42 -1 42 -1 68 41 42 -1 #SUP: 3
41 42 -1 42 -1 68 41 42 65 -1 #SUP: 3
41 42 -1 41 -1 41 -1 #SUP: 3
41 42 -1 41 -1 41 42 -1 #SUP: 3
41 42 -1 41 42 -1 41 -1 #SUP: 3
41 42 -1 41 -1 41 65 -1 #SUP: 3
41 42 -1 41 65 -1 41 -1 #SUP: 3
41 42 -1 41 -1 66 41 -1 #SUP: 3
41 42 -1 41 -1 68 41 -1 #SUP: 3
41 42 -1 41 -1 41 42 65 -1 #SUP: 3
41 42 -1 41 42 -1 42 -1 #SUP: 3
41 42 -1 41 -1 42 65 -1 #SUP: 3
41 42 -1 41 65 -1 42 -1 #SUP: 3
41 42 -1 41 -1 66 42 -1 #SUP: 3
41 42 -1 41 -1 68 42 -1 #SUP: 3
41 42 -1 41 42 -1 65 -1 #SUP: 3
41 42 -1 41 42 65 -1 #SUP: 3
41 42 -1 41 42 -1 66 -1 #SUP: 3
41 42 -1 41 42 -1 68 -1 #SUP: 3
41 42 -1 41 42 65 -1 68 -1 #SUP: 3
41 42 -1 41 42 65 -1 66 -1 #SUP: 3
41 42 -1 41 42 65 -1 65 -1 #SUP: 3
41 42 -1 41 42 65 -1 42 -1 #SUP: 3
41 42 -1 41 42 65 -1 41 -1 #SUP: 3
41 42 -1 41 42 65 -1 41 42 -1 #SUP: 3
41 42 -1 41 42 65 -1 41 65 -1 #SUP: 3
41 42 -1 41 42 65 -1 66 41 -1 #SUP: 3
41 42 -1 41 42 65 -1 68 41 -1 #SUP: 3
41 42 -1 41 42 65 -1 41 42 65 -1 #SUP: 3
41 42 -1 41 42 65 -1 42 65 -1 #SUP: 3
41 42 -1 41 42 65 -1 66 42 -1 #SUP: 3
41 42 -1 41 42 65 -1 68 42 -1 #SUP: 3
41 42 -1 41 42 65 -1 66 65 -1 #SUP: 3
41 42 -1 41 42 65 -1 68 65 -1 #SUP: 3
41 42 -1 41 42 65 -1 68 66 -1 #SUP: 3
41 42 -1 41 42 65 -1 66 42 65 -1 #SUP: 3
41 42 -1 41 42 65 -1 66 41 65 -1 #SUP: 3
41 42 -1 41 42 65 -1 66 41 42 -1 #SUP: 3
41 42 -1 41 42 65 -1 66 41 42 65 -1 #SUP: 3
41 42 -1 41 42 65 -1 68 42 65 -1 #SUP: 3
41 42 -1 41 42 65 -1 68 41 65 -1 #SUP: 3
41 42 -1 41 42 65 -1 68 41 42 -1 #SUP: 3
41 42 -1 41 42 65 -1 68 41 42 65 -1 #SUP: 3
41 42 -1 41 42 -1 42 65 -1 #SUP: 3
41 42 -1 41 42 -1 41 65 -1 #SUP: 3
41 42 -1 41 42 -1 41 42 -1 #SUP: 3
41 42 -1 41 42 -1 41 42 65 -1 #SUP: 3
41 42 -1 41 65 -1 65 -1 #SUP: 3
41 42 -1 41 -1 66 65 -1 #SUP: 3
41 42 -1 41 -1 68 65 -1 #SUP: 3
41 42 -1 41 65 -1 66 -1 #SUP: 3
41 42 -1 41 65 -1 68 -1 #SUP: 3
41 42 -1 41 65 -1 42 65 -1 #SUP: 3
41 42 -1 41 65 -1 41 65 -1 #SUP: 3
41 42 -1 41 65 -1 41 42 -1 #SUP: 3
41 42 -1 41 65 -1 41 42 65 -1 #SUP: 3
41 42 -1 41 -1 68 66 -1 #SUP: 3
41 42 -1 41 -1 66 42 65 -1 #SUP: 3
41 42 -1 41 -1 66 41 65 -1 #SUP: 3
41 42 -1 41 -1 66 41 42 -1 #SUP: 3
41 42 -1 41 -1 66 41 42 65 -1 #SUP: 3
41 42 -1 41 -1 68 42 65 -1 #SUP: 3
41 42 -1 41 -1 68 41 65 -1 #SUP: 3
41 42 -1 41 -1 68 41 42 -1 #SUP: 3
41 42 -1 41 -1 68 41 42 65 -1 #SUP: 3
41 -1 65 -1 65 -1 #SUP: 3
41 65 -1 65 -1 #SUP: 3
41 -1 66 65 -1 #SUP: 3
41 -1 65 -1 66 -1 #SUP: 3
41 -1 68 65 -1 #SUP: 3
41 -1 65 -1 68 -1 #SUP: 3
41 -1 65 -1 42 65 -1 #SUP: 3
41 -1 65 -1 41 65 -1 #SUP: 3
41 -1 65 -1 41 42 -1 #SUP: 3
41 -1 65 -1 41 42 65 -1 #SUP: 3
41 65 -1 66 -1 #SUP: 3
41 65 -1 68 -1 #SUP: 3
41 65 -1 42 65 -1 #SUP: 3
41 65 -1 41 65 -1 #SUP: 3
41 65 -1 41 42 -1 #SUP: 3
41 65 -1 41 42 65 -1 #SUP: 3
41 -1 68 66 -1 #SUP: 3
41 -1 66 42 65 -1 #SUP: 3
41 -1 66 41 65 -1 #SUP: 3
41 -1 66 41 42 -1 #SUP: 3
41 -1 66 41 42 65 -1 #SUP: 3
41 -1 68 42 65 -1 #SUP: 3
41 -1 68 41 65 -1 #SUP: 3
41 -1 68 41 42 -1 #SUP: 3
41 -1 68 41 42 65 -1 #SUP: 3
2 39 -1 #SUP: 5
1 -1 36 -1 #SUP: 3
2 30 -1 #SUP: 4
2 -1 30 -1 #SUP: 3
1 -1 30 -1 #SUP: 3
2 -1 24 -1 #SUP: 3
20 -1 23 -1 #SUP: 3
23 -1 11 -1 #SUP: 3
2 -1 23 -1 #SUP: 4
1 23 -1 #SUP: 3
1 -1 23 -1 #SUP: 4
20 -1 22 -1 #SUP: 3
2 -1 22 -1 #SUP: 3
1 -1 22 -1 #SUP: 3
11 21 -1 #SUP: 4
2 -1 21 -1 #SUP: 3
1 -1 21 -1 #SUP: 3
20 -1 20 -1 #SUP: 4
20 -1 11 -1 #SUP: 3
2 20 -1 #SUP: 4
2 -1 20 -1 #SUP: 4
1 -1 20 -1 #SUP: 3
20 -1 20 11 -1 #SUP: 3
20 -1 22 11 -1 #SUP: 3
20 -1 23 11 -1 #SUP: 3
20 -1 22 20 -1 #SUP: 3
20 -1 23 20 -1 #SUP: 3
20 -1 23 22 -1 #SUP: 3
11 -1 11 -1 #SUP: 4
2 11 -1 #SUP: 6
2 -1 11 -1 #SUP: 7
11 -1 2 -1 #SUP: 3
1 11 -1 #SUP: 5
1 -1 11 -1 #SUP: 6
2 -1 2 -1 #SUP: 5
1 2 -1 #SUP: 8
1 -1 2 -1 #SUP: 3
2 -1 1 -1 #SUP: 3
2 -1 1 2 -1 #SUP: 3
2 -1 1 11 -1 #SUP: 3
2 -1 1 2 11 -1 #SUP: 3
2 -1 2 11 -1 #SUP: 3
2 -1 11 -1 2 -1 #SUP: 3
2 -1 11 -1 11 -1 #SUP: 3
2 -1 20 11 -1 #SUP: 3
2 20 -1 11 -1 #SUP: 3
2 -1 11 21 -1 #SUP: 3
2 -1 22 11 -1 #SUP: 3
2 -1 23 11 -1 #SUP: 4
2 20 -1 20 -1 #SUP: 4
2 -1 22 20 -1 #SUP: 3
2 -1 23 20 -1 #SUP: 3
2 20 -1 22 -1 #SUP: 3
2 20 -1 23 -1 #SUP: 3
2 -1 23 22 -1 #SUP: 3
2 41 42 -1 #SUP: 4
1 -1 1 -1 #SUP: 3
1 -1 1 2 -1 #SUP: 3
1 2 -1 1 -1 #SUP: 3
1 -1 1 11 -1 #SUP: 3
1 -1 1 2 11 -1 #SUP: 3
1 2 -1 2 -1 #SUP: 3
1 -1 2 11 -1 #SUP: 3
1 2 -1 11 -1 #SUP: 6
1 2 11 -1 #SUP: 5
1 2 -1 20 -1 #SUP: 3
1 2 -1 21 -1 #SUP: 3
1 2 -1 22 -1 #SUP: 3
1 2 -1 23 -1 #SUP: 4
1 2 -1 30 -1 #SUP: 3
1 2 -1 11 21 -1 #SUP: 3
1 2 -1 1 11 -1 #SUP: 3
1 2 -1 2 11 -1 #SUP: 3
1 2 -1 1 11 -1 #SUP: 3
1 2 -1 1 2 -1 #SUP: 3
1 2 -1 1 2 11 -1 #SUP: 3
1 2 -1 1 2 11 -1 #SUP: 3
1 -1 20 11 -1 #SUP: 3
1 -1 11 21 -1 #SUP: 3
1 -1 22 11 -1 #SUP: 3
1 -1 23 11 -1 #SUP: 4
1 -1 22 20 -1 #SUP: 3
1 -1 23 20 -1 #SUP: 3
1 -1 23 22 -1 #SUP: 3
