36 -1 #SUP: 5
2 -1 #SUP: 19
1 2 -1 1 2 11 -1 #SUP: 3
1 2 39 -1 #SUP: 3
11 39 -1 #SUP: 3
39 -1 #SUP: 6
1 2 -1 11 21 -1 #SUP: 3
1 2 11 23 -1 #SUP: 3
11 23 -1 11 -1 #SUP: 3
41 42 -1 41 42 65 -1 41 42 65 66 68 -1 #SUP: 3
41 42 -1 41 42 65 70 71 -1 #SUP: 3
1 2 -1 30 -1 #SUP: 3
11 21 23 -1 #SUP: 3
29 -1 #SUP: 3
1 2 20 -1 11 20 22 23 -1 #SUP: 3
2 -1 11 -1 2 -1 #SUP: 3
2 -1 11 -1 11 -1 #SUP: 3
11 21 -1 #SUP: 4
2 -1 24 -1 #SUP: 3
1 2 11 -1 #SUP: 5
1 -1 36 -1 #SUP: 3
1 2 -1 11 23 -1 #SUP: 4
1 -1 #SUP: 11
1 21 -1 #SUP: 3
2 41 42 -1 #SUP: 4
11 -1 11 -1 #SUP: 4
2 12 -1 #SUP: 3
11 23 -1 #SUP: 5
41 42 -1 #SUP: 11
1 2 -1 11 -1 #SUP: 6
2 11 -1 #SUP: 6
21 -1 #SUP: 5
1 2 -1 #SUP: 8
2 20 -1 20 -1 #SUP: 4
2 -1 11 -1 #SUP: 7
24 -1 #SUP: 4
32 -1 #SUP: 3
2 30 -1 #SUP: 4
2 -1 2 -1 #SUP: 5
41 42 -1 52 -1 #SUP: 3
11 -1 #SUP: 9
30 -1 #SUP: 5
2 39 -1 #SUP: 5
