1 -1 #SUP: 11
2 -1 #SUP: 19
11 -1 #SUP: 9
12 -1 #SUP: 3
20 -1 #SUP: 4
21 -1 #SUP: 5
22 -1 #SUP: 3
23 -1 #SUP: 5
24 -1 #SUP: 4
29 -1 #SUP: 3
30 -1 #SUP: 5
32 -1 #SUP: 3
36 -1 #SUP: 5
39 -1 #SUP: 6
41 -1 #SUP: 11
42 -1 #SUP: 11
52 -1 #SUP: 3
65 -1 #SUP: 3
66 -1 #SUP: 3
68 -1 #SUP: 3
70 -1 #SUP: 3
71 -1 #SUP: 3
1 -1 1 -1 #SUP: 3
1 -1 1 2 -1 #SUP: 3
1 -1 1 2 11 -1 #SUP: 3
1 -1 1 11 -1 #SUP: 3
1 -1 2 -1 #SUP: 3
1 -1 2 11 -1 #SUP: 3
1 -1 11 -1 #SUP: 6
1 -1 11 20 -1 #SUP: 3
1 -1 11 20 22 -1 #SUP: 3
1 -1 11 20 22 23 -1 #SUP: 3
1 -1 11 20 23 -1 #SUP: 3
1 -1 11 21 -1 #SUP: 3
1 -1 11 22 -1 #SUP: 3
1 -1 11 22 23 -1 #SUP: 3
1 -1 11 23 -1 #SUP: 4
1 -1 20 -1 #SUP: 3
1 -1 20 22 -1 #SUP: 3
1 -1 20 22 23 -1 #SUP: 3
1 -1 20 23 -1 #SUP: 3
1 -1 21 -1 #SUP: 3
1 -1 22 -1 #SUP: 3
1 -1 22 23 -1 #SUP: 3
1 -1 23 -1 #SUP: 4
1 -1 30 -1 #SUP: 3
1 -1 36 -1 #SUP: 3
1 2 -1 #SUP: 8
1 2 -1 1 -1 #SUP: 3
1 2 -1 1 2 -1 #SUP: 3
1 2 -1 1 2 11 -1 #SUP: 3
1 2 -1 1 11 -1 #SUP: 3
1 2 -1 2 -1 #SUP: 3
1 2 -1 2 11 -1 #SUP: 3
1 2 -1 11 -1 #SUP: 6
1 2 -1 11 20 -1 #SUP: 3
1 2 -1 11 20 22 -1 #SUP: 3
1 2 -1 11 20 22 23 -1 #SUP: 3
1 2 -1 11 20 23 -1 #SUP: 3
1 2 -1 11 21 -1 #SUP: 3
1 2 -1 11 22 -1 #SUP: 3
1 2 -1 11 22 23 -1 #SUP: 3
1 2 -1 11 23 -1 #SUP: 4
1 2 -1 20 -1 #SUP: 3
1 2 -1 20 22 -1 #SUP: 3
1 2 -1 20 22 23 -1 #SUP: 3
1 2 -1 20 23 -1 #SUP: 3
1 2 -1 21 -1 #SUP: 3
1 2 -1 22 -1 #SUP: 3
1 2 -1 22 23 -1 #SUP: 3
1 2 -1 23 -1 #SUP: 4
1 2 -1 30 -1 #SUP: 3
1 2 11 -1 #SUP: 5
1 2 11 23 -1 #SUP: 3
1 2 20 -1 #SUP: 3
1 2 20 -1 11 -1 #SUP: 3
1 2 20 -1 11 20 -1 #SUP: 3
1 2 20 -1 11 20 22 -1 #SUP: 3
1 2 20 -1 11 20 22 23 -1 #SUP: 3
1 2 20 -1 11 20 23 -1 #SUP: 3
1 2 20 -1 11 22 -1 #SUP: 3
1 2 20 -1 11 22 23 -1 #SUP: 3
1 2 20 -1 11 23 -1 #SUP: 3
1 2 20 -1 20 -1 #SUP: 3
1 2 20 -1 20 22 -1 #SUP: 3
1 2 20 -1 20 22 23 -1 #SUP: 3
1 2 20 -1 20 23 -1 #SUP: 3
1 2 20 -1 22 -1 #SUP: 3
1 2 20 -1 22 23 -1 #SUP: 3
1 2 20 -1 23 -1 #SUP: 3
1 2 23 -1 #SUP: 3
1 2 39 -1 #SUP: 3
1 11 -1 #SUP: 5
1 11 23 -1 #SUP: 3
1 20 -1 #SUP: 3
1 20 -1 11 -1 #SUP: 3
1 20 -1 11 20 -1 #SUP: 3
1 20 -1 11 20 22 -1 #SUP: 3
1 20 -1 11 20 22 23 -1 #SUP: 3
1 20 -1 11 20 23 -1 #SUP: 3
1 20 -1 11 22 -1 #SUP: 3
1 20 -1 11 22 23 -1 #SUP: 3
1 20 -1 11 23 -1 #SUP: 3
1 20 -1 20 -1 #SUP: 3
1 20 -1 20 22 -1 #SUP: 3
1 20 -1 20 22 23 -1 #SUP: 3
1 20 -1 20 23 -1 #SUP: 3
1 20 -1 22 -1 #SUP: 3
1 20 -1 22 23 -1 #SUP: 3
1 20 -1 23 -1 #SUP: 3
1 21 -1 #SUP: 3
1 23 -1 #SUP: 3
1 39 -1 #SUP: 3
2 -1 1 -1 #SUP: 3
2 -1 1 2 -1 #SUP: 3
2 -1 1 2 11 -1 #SUP: 3
2 -1 1 11 -1 #SUP: 3
2 -1 2 -1 #SUP: 5
2 -1 2 11 -1 #SUP: 3
2 -1 11 -1 #SUP: 7
2 -1 11 -1 2 -1 #SUP: 3
2 -1 11 -1 11 -1 #SUP: 3
2 -1 11 20 -1 #SUP: 3
2 -1 11 20 22 -1 #SUP: 3
2 -1 11 20 22 23 -1 #SUP: 3
2 -1 11 20 23 -1 #SUP: 3
2 -1 11 21 -1 #SUP: 3
2 -1 11 22 -1 #SUP: 3
2 -1 11 22 23 -1 #SUP: 3
2 -1 11 23 -1 #SUP: 4
2 -1 20 -1 #SUP: 4
2 -1 20 22 -1 #SUP: 3
2 -1 20 22 23 -1 #SUP: 3
2 -1 20 23 -1 #SUP: 3
2 -1 21 -1 #SUP: 3
2 -1 22 -1 #SUP: 3
2 -1 22 23 -1 #SUP: 3
2 -1 23 -1 #SUP: 4
2 -1 24 -1 #SUP: 3
2 -1 30 -1 #SUP: 3
2 11 -1 #SUP: 6
2 11 23 -1 #SUP: 3
2 12 -1 #SUP: 3
2 20 -1 #SUP: 4
2 20 -1 11 -1 #SUP: 3
2 20 -1 11 20 -1 #SUP: 3
2 20 -1 11 20 22 -1 #SUP: 3
2 20 -1 11 20 22 23 -1 #SUP: 3
2 20 -1 11 20 23 -1 #SUP: 3
2 20 -1 11 22 -1 #SUP: 3
2 20 -1 11 22 23 -1 #SUP: 3
2 20 -1 11 23 -1 #SUP: 3
2 20 -1 20 -1 #SUP: 4
2 20 -1 20 22 -1 #SUP: 3
2 20 -1 20 22 23 -1 #SUP: 3
2 20 -1 20 23 -1 #SUP: 3
2 20 -1 22 -1 #SUP: 3
2 20 -1 22 23 -1 #SUP: 3
2 20 -1 23 -1 #SUP: 3
2 23 -1 #SUP: 3
2 30 -1 #SUP: 4
2 39 -1 #SUP: 5
2 41 -1 #SUP: 4
2 41 42 -1 #SUP: 4
2 42 -1 #SUP: 4
11 -1 2 -1 #SUP: 3
11 -1 11 -1 #SUP: 4
11 20 -1 #SUP: 3
11 20 22 -1 #SUP: 3
11 20 22 23 -1 #SUP: 3
11 20 23 -1 #SUP: 3
11 21 -1 #SUP: 4
11 21 23 -1 #SUP: 3
11 22 -1 #SUP: 3
11 22 23 -1 #SUP: 3
11 23 -1 #SUP: 5
11 23 -1 11 -1 #SUP: 3
11 39 -1 #SUP: 3
20 -1 11 -1 #SUP: 3
20 -1 11 20 -1 #SUP: 3
20 -1 11 20 22 -1 #SUP: 3
20 -1 11 20 22 23 -1 #SUP: 3
20 -1 11 20 23 -1 #SUP: 3
20 -1 11 22 -1 #SUP: 3
20 -1 11 22 23 -1 #SUP: 3
20 -1 11 23 -1 #SUP: 3
20 -1 20 -1 #SUP: 4
20 -1 20 22 -1 #SUP: 3
20 -1 20 22 23 -1 #SUP: 3
20 -1 20 23 -1 #SUP: 3
20 -1 22 -1 #SUP: 3
20 -1 22 23 -1 #SUP: 3
20 -1 23 -1 #SUP: 3
20 22 -1 #SUP: 3
20 22 23 -1 #SUP: 3
20 23 -1 #SUP: 3
21 23 -1 #SUP: 3
22 23 -1 #SUP: 3
23 -1 11 -1 #SUP: 3
41 -1 41 -1 #SUP: 3
41 -1 41 -1 41 -1 #SUP: 3
41 -1 41 -1 41 42 -1 #SUP: 3
41 -1 41 -1 41 42 65 -1 #SUP: 3
41 -1 41 -1 41 42 65 66 -1 #SUP: 3
41 -1 41 -1 41 42 65 66 68 -1 #SUP: 3
41 -1 41 -1 41 42 65 68 -1 #SUP: 3
41 -1 41 -1 41 42 66 -1 #SUP: 3
41 -1 41 -1 41 42 66 68 -1 #SUP: 3
41 -1 41 -1 41 42 68 -1 #SUP: 3
41 -1 41 -1 41 65 -1 #SUP: 3
41 -1 41 -1 41 65 66 -1 #SUP: 3
41 -1 41 -1 41 65 66 68 -1 #SUP: 3
41 -1 41 -1 41 65 68 -1 #SUP: 3
41 -1 41 -1 41 66 -1 #SUP: 3
41 -1 41 -1 41 66 68 -1 #SUP: 3
41 -1 41 -1 41 68 -1 #SUP: 3
41 -1 41 -1 42 -1 #SUP: 3
41 -1 41 -1 42 65 -1 #SUP: 3
41 -1 41 -1 42 65 66 -1 #SUP: 3
41 -1 41 -1 42 65 66 68 -1 #SUP: 3
41 -1 41 -1 42 65 68 -1 #SUP: 3
41 -1 41 -1 42 66 -1 #SUP: 3
41 -1 41 -1 42 66 68 -1 #SUP: 3
41 -1 41 -1 42 68 -1 #SUP: 3
41 -1 41 -1 65 -1 #SUP: 3
41 -1 41 -1 65 66 -1 #SUP: 3
41 -1 41 -1 65 66 68 -1 #SUP: 3
41 -1 41 -1 65 68 -1 #SUP: 3
41 -1 41 -1 66 -1 #SUP: 3
41 -1 41 -1 66 68 -1 #SUP: 3
41 -1 41 -1 68 -1 #SUP: 3
41 -1 41 42 -1 #SUP: 3
41 -1 41 42 -1 41 -1 #SUP: 3
41 -1 41 42 -1 41 42 -1 #SUP: 3
41 -1 41 42 -1 41 42 65 -1 #SUP: 3
41 -1 41 42 -1 41 42 65 66 -1 #SUP: 3
41 -1 41 42 -1 41 42 65 66 68 -1 #SUP: 3
41 -1 41 42 -1 41 42 65 68 -1 #SUP: 3
41 -1 41 42 -1 41 42 66 -1 #SUP: 3
41 -1 41 42 -1 41 42 66 68 -1 #SUP: 3
41 -1 41 42 -1 41 42 68 -1 #SUP: 3
41 -1 41 42 -1 41 65 -1 #SUP: 3
41 -1 41 42 -1 41 65 66 -1 #SUP: 3
41 -1 41 42 -1 41 65 66 68 -1 #SUP: 3
41 -1 41 42 -1 41 65 68 -1 #SUP: 3
41 -1 41 42 -1 41 66 -1 #SUP: 3
41 -1 41 42 -1 41 66 68 -1 #SUP: 3
41 -1 41 42 -1 41 68 -1 #SUP: 3
41 -1 41 42 -1 42 -1 #SUP: 3
41 -1 41 42 -1 42 65 -1 #SUP: 3
41 -1 41 42 -1 42 65 66 -1 #SUP: 3
41 -1 41 42 -1 42 65 66 68 -1 #SUP: 3
41 -1 41 42 -1 42 65 68 -1 #SUP: 3
41 -1 41 42 -1 42 66 -1 #SUP: 3
41 -1 41 42 -1 42 66 68 -1 #SUP: 3
41 -1 41 42 -1 42 68 -1 #SUP: 3
41 -1 41 42 -1 65 -1 #SUP: 3
41 -1 41 42 -1 65 66 -1 #SUP: 3
41 -1 41 42 -1 65 66 68 -1 #SUP: 3
41 -1 41 42 -1 65 68 -1 #SUP: 3
41 -1 41 42 -1 66 -1 #SUP: 3
41 -1 41 42 -1 66 68 -1 #SUP: 3
41 -1 41 42 -1 68 -1 #SUP: 3
41 -1 41 42 65 -1 #SUP: 3
41 -1 41 42 65 -1 41 -1 #SUP: 3
41 -1 41 42 65 -1 41 42 -1 #SUP: 3
41 -1 41 42 65 -1 41 42 65 -1 #SUP: 3
41 -1 41 42 65 -1 41 42 65 66 -1 #SUP: 3
41 -1 41 42 65 -1 41 42 65 66 68 -1 #SUP: 3
41 -1 41 42 65 -1 41 42 65 68 -1 #SUP: 3
41 -1 41 42 65 -1 41 42 66 -1 #SUP: 3
41 -1 41 42 65 -1 41 42 66 68 -1 #SUP: 3
41 -1 41 42 65 -1 41 42 68 -1 #SUP: 3
41 -1 41 42 65 -1 41 65 -1 #SUP: 3
41 -1 41 42 65 -1 41 65 66 -1 #SUP: 3
41 -1 41 42 65 -1 41 65 66 68 -1 #SUP: 3
41 -1 41 42 65 -1 41 65 68 -1 #SUP: 3
41 -1 41 42 65 -1 41 66 -1 #SUP: 3
41 -1 41 42 65 -1 41 66 68 -1 #SUP: 3
41 -1 41 42 65 -1 41 68 -1 #SUP: 3
41 -1 41 42 65 -1 42 -1 #SUP: 3
41 -1 41 42 65 -1 42 65 -1 #SUP: 3
41 -1 41 42 65 -1 42 65 66 -1 #SUP: 3
41 -1 41 42 65 -1 42 65 66 68 -1 #SUP: 3
41 -1 41 42 65 -1 42 65 68 -1 #SUP: 3
41 -1 41 42 65 -1 42 66 -1 #SUP: 3
41 -1 41 42 65 -1 42 66 68 -1 #SUP: 3
41 -1 41 42 65 -1 42 68 -1 #SUP: 3
41 -1 41 42 65 -1 65 -1 #SUP: 3
41 -1 41 42 65 -1 65 66 -1 #SUP: 3
41 -1 41 42 65 -1 65 66 68 -1 #SUP: 3
41 -1 41 42 65 -1 65 68 -1 #SUP: 3
41 -1 41 42 65 -1 66 -1 #SUP: 3
41 -1 41 42 65 -1 66 68 -1 #SUP: 3
41 -1 41 42 65 -1 68 -1 #SUP: 3
41 -1 41 42 65 66 -1 #SUP: 3
41 -1 41 42 65 66 68 -1 #SUP: 3
41 -1 41 42 65 68 -1 #SUP: 3
41 -1 41 42 65 70 -1 #SUP: 3
41 -1 41 42 65 70 71 -1 #SUP: 3
41 -1 41 42 65 71 -1 #SUP: 3
41 -1 41 42 66 -1 #SUP: 3
41 -1 41 42 66 68 -1 #SUP: 3
41 -1 41 42 68 -1 #SUP: 3
41 -1 41 42 70 -1 #SUP: 3
41 -1 41 42 70 71 -1 #SUP: 3
41 -1 41 42 71 -1 #SUP: 3
41 -1 41 65 -1 #SUP: 3
41 -1 41 65 -1 41 -1 #SUP: 3
41 -1 41 65 -1 41 42 -1 #SUP: 3
41 -1 41 65 -1 41 42 65 -1 #SUP: 3
41 -1 41 65 -1 41 42 65 66 -1 #SUP: 3
41 -1 41 65 -1 41 42 65 66 68 -1 #SUP: 3
41 -1 41 65 -1 41 42 65 68 -1 #SUP: 3
41 -1 41 65 -1 41 42 66 -1 #SUP: 3
41 -1 41 65 -1 41 42 66 68 -1 #SUP: 3
41 -1 41 65 -1 41 42 68 -1 #SUP: 3
41 -1 41 65 -1 41 65 -1 #SUP: 3
41 -1 41 65 -1 41 65 66 -1 #SUP: 3
41 -1 41 65 -1 41 65 66 68 -1 #SUP: 3
41 -1 41 65 -1 41 65 68 -1 #SUP: 3
41 -1 41 65 -1 41 66 -1 #SUP: 3
41 -1 41 65 -1 41 66 68 -1 #SUP: 3
41 -1 41 65 -1 41 68 -1 #SUP: 3
41 -1 41 65 -1 42 -1 #SUP: 3
41 -1 41 65 -1 42 65 -1 #SUP: 3
41 -1 41 65 -1 42 65 66 -1 #SUP: 3
41 -1 41 65 -1 42 65 66 68 -1 #SUP: 3
41 -1 41 65 -1 42 65 68 -1 #SUP: 3
41 -1 41 65 -1 42 66 -1 #SUP: 3
41 -1 41 65 -1 42 66 68 -1 #SUP: 3
41 -1 41 65 -1 42 68 -1 #SUP: 3
41 -1 41 65 -1 65 -1 #SUP: 3
41 -1 41 65 -1 65 66 -1 #SUP: 3
41 -1 41 65 -1 65 66 68 -1 #SUP: 3
41 -1 41 65 -1 65 68 -1 #SUP: 3
41 -1 41 65 -1 66 -1 #SUP: 3
41 -1 41 65 -1 66 68 -1 #SUP: 3
41 -1 41 65 -1 68 -1 #SUP: 3
41 -1 41 65 66 -1 #SUP: 3
41 -1 41 65 66 68 -1 #SUP: 3
41 -1 41 65 68 -1 #SUP: 3
41 -1 41 65 70 -1 #SUP: 3
41 -1 41 65 70 71 -1 #SUP: 3
41 -1 41 65 71 -1 #SUP: 3
41 -1 41 66 -1 #SUP: 3
41 -1 41 66 68 -1 #SUP: 3
41 -1 41 68 -1 #SUP: 3
41 -1 41 70 -1 #SUP: 3
41 -1 41 70 71 -1 #SUP: 3
41 -1 41 71 -1 #SUP: 3
41 -1 42 -1 #SUP: 3
41 -1 42 -1 41 -1 #SUP: 3
41 -1 42 -1 41 42 -1 #SUP: 3
41 -1 42 -1 41 42 65 -1 #SUP: 3
41 -1 42 -1 41 42 65 66 -1 #SUP: 3
41 -1 42 -1 41 42 65 66 68 -1 #SUP: 3
41 -1 42 -1 41 42 65 68 -1 #SUP: 3
41 -1 42 -1 41 42 66 -1 #SUP: 3
41 -1 42 -1 41 42 66 68 -1 #SUP: 3
41 -1 42 -1 41 42 68 -1 #SUP: 3
41 -1 42 -1 41 65 -1 #SUP: 3
41 -1 42 -1 41 65 66 -1 #SUP: 3
41 -1 42 -1 41 65 66 68 -1 #SUP: 3
41 -1 42 -1 41 65 68 -1 #SUP: 3
41 -1 42 -1 41 66 -1 #SUP: 3
41 -1 42 -1 41 66 68 -1 #SUP: 3
41 -1 42 -1 41 68 -1 #SUP: 3
41 -1 42 -1 42 -1 #SUP: 3
41 -1 42 -1 42 65 -1 #SUP: 3
41 -1 42 -1 42 65 66 -1 #SUP: 3
41 -1 42 -1 42 65 66 68 -1 #SUP: 3
41 -1 42 -1 42 65 68 -1 #SUP: 3
41 -1 42 -1 42 66 -1 #SUP: 3
41 -1 42 -1 42 66 68 -1 #SUP: 3
41 -1 42 -1 42 68 -1 #SUP: 3
41 -1 42 -1 65 -1 #SUP: 3
41 -1 42 -1 65 66 -1 #SUP: 3
41 -1 42 -1 65 66 68 -1 #SUP: 3
41 -1 42 -1 65 68 -1 #SUP: 3
41 -1 42 -1 66 -1 #SUP: 3
41 -1 42 -1 66 68 -1 #SUP: 3
41 -1 42 -1 68 -1 #SUP: 3
41 -1 42 65 -1 #SUP: 3
41 -1 42 65 -1 41 -1 #SUP: 3
41 -1 42 65 -1 41 42 -1 #SUP: 3
41 -1 42 65 -1 41 42 65 -1 #SUP: 3
41 -1 42 65 -1 41 42 65 66 -1 #SUP: 3
41 -1 42 65 -1 41 42 65 66 68 -1 #SUP: 3
41 -1 42 65 -1 41 42 65 68 -1 #SUP: 3
41 -1 42 65 -1 41 42 66 -1 #SUP: 3
41 -1 42 65 -1 41 42 66 68 -1 #SUP: 3
41 -1 42 65 -1 41 42 68 -1 #SUP: 3
41 -1 42 65 -1 41 65 -1 #SUP: 3
41 -1 42 65 -1 41 65 66 -1 #SUP: 3
41 -1 42 65 -1 41 65 66 68 -1 #SUP: 3
41 -1 42 65 -1 41 65 68 -1 #SUP: 3
41 -1 42 65 -1 41 66 -1 #SUP: 3
41 -1 42 65 -1 41 66 68 -1 #SUP: 3
41 -1 42 65 -1 41 68 -1 #SUP: 3
41 -1 42 65 -1 42 -1 #SUP: 3
41 -1 42 65 -1 42 65 -1 #SUP: 3
41 -1 42 65 -1 42 65 66 -1 #SUP: 3
41 -1 42 65 -1 42 65 66 68 -1 #SUP: 3
41 -1 42 65 -1 42 65 68 -1 #SUP: 3
41 -1 42 65 -1 42 66 -1 #SUP: 3
41 -1 42 65 -1 42 66 68 -1 #SUP: 3
41 -1 42 65 -1 42 68 -1 #SUP: 3
41 -1 42 65 -1 65 -1 #SUP: 3
41 -1 42 65 -1 65 66 -1 #SUP: 3
41 -1 42 65 -1 65 66 68 -1 #SUP: 3
41 -1 42 65 -1 65 68 -1 #SUP: 3
41 -1 42 65 -1 66 -1 #SUP: 3
41 -1 42 65 -1 66 68 -1 #SUP: 3
41 -1 42 65 -1 68 -1 #SUP: 3
41 -1 42 65 66 -1 #SUP: 3
41 -1 42 65 66 68 -1 #SUP: 3
41 -1 42 65 68 -1 #SUP: 3
41 -1 42 65 70 -1 #SUP: 3
41 -1 42 65 70 71 -1 #SUP: 3
41 -1 42 65 71 -1 #SUP: 3
41 -1 42 66 -1 #SUP: 3
41 -1 42 66 68 -1 #SUP: 3
41 -1 42 68 -1 #SUP: 3
41 -1 42 70 -1 #SUP: 3
41 -1 42 70 71 -1 #SUP: 3
41 -1 42 71 -1 #SUP: 3
41 -1 52 -1 #SUP: 3
41 -1 65 -1 #SUP: 3
41 -1 65 -1 41 -1 #SUP: 3
41 -1 65 -1 41 42 -1 #SUP: 3
41 -1 65 -1 41 42 65 -1 #SUP: 3
41 -1 65 -1 41 42 65 66 -1 #SUP: 3
41 -1 65 -1 41 42 65 66 68 -1 #SUP: 3
41 -1 65 -1 41 42 65 68 -1 #SUP: 3
41 -1 65 -1 41 42 66 -1 #SUP: 3
41 -1 65 -1 41 42 66 68 -1 #SUP: 3
41 -1 65 -1 41 42 68 -1 #SUP: 3
41 -1 65 -1 41 65 -1 #SUP: 3
41 -1 65 -1 41 65 66 -1 #SUP: 3
41 -1 65 -1 41 65 66 68 -1 #SUP: 3
41 -1 65 -1 41 65 68 -1 #SUP: 3
41 -1 65 -1 41 66 -1 #SUP: 3
41 -1 65 -1 41 66 68 -1 #SUP: 3
41 -1 65 -1 41 68 -1 #SUP: 3
41 -1 65 -1 42 -1 #SUP: 3
41 -1 65 -1 42 65 -1 #SUP: 3
41 -1 65 -1 42 65 66 -1 #SUP: 3
41 -1 65 -1 42 65 66 68 -1 #SUP: 3
41 -1 65 -1 42 65 68 -1 #SUP: 3
41 -1 65 -1 42 66 -1 #SUP: 3
41 -1 65 -1 42 66 68 -1 #SUP: 3
41 -1 65 -1 42 68 -1 #SUP: 3
41 -1 65 -1 65 -1 #SUP: 3
41 -1 65 -1 65 66 -1 #SUP: 3
41 -1 65 -1 65 66 68 -1 #SUP: 3
41 -1 65 -1 65 68 -1 #SUP: 3
41 -1 65 -1 66 -1 #SUP: 3
41 -1 65 -1 66 68 -1 #SUP: 3
41 -1 65 -1 68 -1 #SUP: 3
41 -1 65 66 -1 #SUP: 3
41 -1 65 66 68 -1 #SUP: 3
41 -1 65 68 -1 #SUP: 3
41 -1 65 70 -1 #SUP: 3
41 -1 65 70 71 -1 #SUP: 3
41 -1 65 71 -1 #SUP: 3
41 -1 66 -1 #SUP: 3
41 -1 66 68 -1 #SUP: 3
41 -1 68 -1 #SUP: 3
41 -1 70 -1 #SUP: 3
41 -1 70 71 -1 #SUP: 3
41 -1 71 -1 #SUP: 3
41 42 -1 #SUP: 11
41 42 -1 41 -1 #SUP: 3
41 42 -1 41 -1 41 -1 #SUP: 3
41 42 -1 41 -1 41 42 -1 #SUP: 3
41 42 -1 41 -1 41 42 65 -1 #SUP: 3
41 42 -1 41 -1 41 42 65 66 -1 #SUP: 3
41 42 -1 41 -1 41 42 65 66 68 -1 #SUP: 3
41 42 -1 41 -1 41 42 65 68 -1 #SUP: 3
41 42 -1 41 -1 41 42 66 -1 #SUP: 3
41 42 -1 41 -1 41 42 66 68 -1 #SUP: 3
41 42 -1 41 -1 41 42 68 -1 #SUP: 3
41 42 -1 41 -1 41 65 -1 #SUP: 3
41 42 -1 41 -1 41 65 66 -1 #SUP: 3
41 42 -1 41 -1 41 65 66 68 -1 #SUP: 3
41 42 -1 41 -1 41 65 68 -1 #SUP: 3
41 42 -1 41 -1 41 66 -1 #SUP: 3
41 42 -1 41 -1 41 66 68 -1 #SUP: 3
41 42 -1 41 -1 41 68 -1 #SUP: 3
41 42 -1 41 -1 42 -1 #SUP: 3
41 42 -1 41 -1 42 65 -1 #SUP: 3
41 42 -1 41 -1 42 65 66 -1 #SUP: 3
41 42 -1 41 -1 42 65 66 68 -1 #SUP: 3
41 42 -1 41 -1 42 65 68 -1 #SUP: 3
41 42 -1 41 -1 42 66 -1 #SUP: 3
41 42 -1 41 -1 42 66 68 -1 #SUP: 3
41 42 -1 41 -1 42 68 -1 #SUP: 3
41 42 -1 41 -1 65 -1 #SUP: 3
41 42 -1 41 -1 65 66 -1 #SUP: 3
41 42 -1 41 -1 65 66 68 -1 #SUP: 3
41 42 -1 41 -1 65 68 -1 #SUP: 3
41 42 -1 41 -1 66 -1 #SUP: 3
41 42 -1 41 -1 66 68 -1 #SUP: 3
41 42 -1 41 -1 68 -1 #SUP: 3
41 42 -1 41 42 -1 #SUP: 3
41 42 -1 41 42 -1 41 -1 #SUP: 3
41 42 -1 41 42 -1 41 42 -1 #SUP: 3
41 42 -1 41 42 -1 41 42 65 -1 #SUP: 3
41 42 -1 41 42 -1 41 42 65 66 -1 #SUP: 3
41 42 -1 41 42 -1 41 42 65 66 68 -1 #SUP: 3
41 42 -1 41 42 -1 41 42 65 68 -1 #SUP: 3
41 42 -1 41 42 -1 41 42 66 -1 #SUP: 3
41 42 -1 41 42 -1 41 42 66 68 -1 #SUP: 3
41 42 -1 41 42 -1 41 42 68 -1 #SUP: 3
41 42 -1 41 42 -1 41 65 -1 #SUP: 3
41 42 -1 41 42 -1 41 65 66 -1 #SUP: 3
41 42 -1 41 42 -1 41 65 66 68 -1 #SUP: 3
41 42 -1 41 42 -1 41 65 68 -1 #SUP: 3
41 42 -1 41 42 -1 41 66 -1 #SUP: 3
41 42 -1 41 42 -1 41 66 68 -1 #SUP: 3
41 42 -1 41 42 -1 41 68 -1 #SUP: 3
41 42 -1 41 42 -1 42 -1 #SUP: 3
41 42 -1 41 42 -1 42 65 -1 #SUP: 3
41 42 -1 41 42 -1 42 65 66 -1 #SUP: 3
41 42 -1 41 42 -1 42 65 66 68 -1 #SUP: 3
41 42 -1 41 42 -1 42 65 68 -1 #SUP: 3
41 42 -1 41 42 -1 42 66 -1 #SUP: 3
41 42 -1 41 42 -1 42 66 68 -1 #SUP: 3
41 42 -1 41 42 -1 42 68 -1 #SUP: 3
41 42 -1 41 42 -1 65 -1 #SUP: 3
41 42 -1 41 42 -1 65 66 -1 #SUP: 3
41 42 -1 41 42 -1 65 66 68 -1 #SUP: 3
41 42 -1 41 42 -1 65 68 -1 #SUP: 3
41 42 -1 41 42 -1 66 -1 #SUP: 3
41 42 -1 41 42 -1 66 68 -1 #SUP: 3
41 42 -1 41 42 -1 68 -1 #SUP: 3
41 42 -1 41 42 65 -1 #SUP: 3
41 42 -1 41 42 65 -1 41 -1 #SUP: 3
41 42 -1 41 42 65 -1 41 42 -1 #SUP: 3
41 42 -1 41 42 65 -1 41 42 65 -1 #SUP: 3
41 42 -1 41 42 65 -1 41 42 65 66 -1 #SUP: 3
41 42 -1 41 42 65 -1 41 42 65 66 68 -1 #SUP: 3
41 42 -1 41 42 65 -1 41 42 65 68 -1 #SUP: 3
41 42 -1 41 42 65 -1 41 42 66 -1 #SUP: 3
41 42 -1 41 42 65 -1 41 42 66 68 -1 #SUP: 3
41 42 -1 41 42 65 -1 41 42 68 -1 #SUP: 3
41 42 -1 41 42 65 -1 41 65 -1 #SUP: 3
41 42 -1 41 42 65 -1 41 65 66 -1 #SUP: 3
41 42 -1 41 42 65 -1 41 65 66 68 -1 #SUP: 3
41 42 -1 41 42 65 -1 41 65 68 -1 #SUP: 3
41 42 -1 41 42 65 -1 41 66 -1 #SUP: 3
41 42 -1 41 42 65 -1 41 66 68 -1 #SUP: 3
41 42 -1 41 42 65 -1 41 68 -1 #SUP: 3
41 42 -1 41 42 65 -1 42 -1 #SUP: 3
41 42 -1 41 42 65 -1 42 65 -1 #SUP: 3
41 42 -1 41 42 65 -1 42 65 66 -1 #SUP: 3
41 42 -1 41 42 65 -1 42 65 66 68 -1 #SUP: 3
41 42 -1 41 42 65 -1 42 65 68 -1 #SUP: 3
41 42 -1 41 42 65 -1 42 66 -1 #SUP: 3
41 42 -1 41 42 65 -1 42 66 68 -1 #SUP: 3
41 42 -1 41 42 65 -1 42 68 -1 #SUP: 3
41 42 -1 41 42 65 -1 65 -1 #SUP: 3
41 42 -1 41 42 65 -1 65 66 -1 #SUP: 3
41 42 -1 41 42 65 -1 65 66 68 -1 #SUP: 3
41 42 -1 41 42 65 -1 65 68 -1 #SUP: 3
41 42 -1 41 42 65 -1 66 -1 #SUP: 3
41 42 -1 41 42 65 -1 66 68 -1 #SUP: 3
41 42 -1 41 42 65 -1 68 -1 #SUP: 3
41 42 -1 41 42 65 66 -1 #SUP: 3
41 42 -1 41 42 65 66 68 -1 #SUP: 3
41 42 -1 41 42 65 68 -1 #SUP: 3
41 42 -1 41 42 65 70 -1 #SUP: 3
41 42 -1 41 42 65 70 71 -1 #SUP: 3
41 42 -1 41 42 65 71 -1 #SUP: 3
41 42 -1 41 42 66 -1 #SUP: 3
41 42 -1 41 42 66 68 -1 #SUP: 3
41 42 -1 41 42 68 -1 #SUP: 3
41 42 -1 41 42 70 -1 #SUP: 3
41 42 -1 41 42 70 71 -1 #SUP: 3
41 42 -1 41 42 71 -1 #SUP: 3
41 42 -1 41 65 -1 #SUP: 3
41 42 -1 41 65 -1 41 -1 #SUP: 3
41 42 -1 41 65 -1 41 42 -1 #SUP: 3
41 42 -1 41 65 -1 41 42 65 -1 #SUP: 3
41 42 -1 41 65 -1 41 42 65 66 -1 #SUP: 3
41 42 -1 41 65 -1 41 42 65 66 68 -1 #SUP: 3
41 42 -1 41 65 -1 41 42 65 68 -1 #SUP: 3
41 42 -1 41 65 -1 41 42 66 -1 #SUP: 3
41 42 -1 41 65 -1 41 42 66 68 -1 #SUP: 3
41 42 -1 41 65 -1 41 42 68 -1 #SUP: 3
41 42 -1 41 65 -1 41 65 -1 #SUP: 3
41 42 -1 41 65 -1 41 65 66 -1 #SUP: 3
41 42 -1 41 65 -1 41 65 66 68 -1 #SUP: 3
41 42 -1 41 65 -1 41 65 68 -1 #SUP: 3
41 42 -1 41 65 -1 41 66 -1 #SUP: 3
41 42 -1 41 65 -1 41 66 68 -1 #SUP: 3
41 42 -1 41 65 -1 41 68 -1 #SUP: 3
41 42 -1 41 65 -1 42 -1 #SUP: 3
41 42 -1 41 65 -1 42 65 -1 #SUP: 3
41 42 -1 41 65 -1 42 65 66 -1 #SUP: 3
41 42 -1 41 65 -1 42 65 66 68 -1 #SUP: 3
41 42 -1 41 65 -1 42 65 68 -1 #SUP: 3
41 42 -1 41 65 -1 42 66 -1 #SUP: 3
41 42 -1 41 65 -1 42 66 68 -1 #SUP: 3
41 42 -1 41 65 -1 42 68 -1 #SUP: 3
41 42 -1 41 65 -1 65 -1 #SUP: 3
41 42 -1 41 65 -1 65 66 -1 #SUP: 3
41 42 -1 41 65 -1 65 66 68 -1 #SUP: 3
41 42 -1 41 65 -1 65 68 -1 #SUP: 3
41 42 -1 41 65 -1 66 -1 #SUP: 3
41 42 -1 41 65 -1 66 68 -1 #SUP: 3
41 42 -1 41 65 -1 68 -1 #SUP: 3
41 42 -1 41 65 66 -1 #SUP: 3
41 42 -1 41 65 66 68 -1 #SUP: 3
41 42 -1 41 65 68 -1 #SUP: 3
41 42 -1 41 65 70 -1 #SUP: 3
41 42 -1 41 65 70 71 -1 #SUP: 3
41 42 -1 41 65 71 -1 #SUP: 3
41 42 -1 41 66 -1 #SUP: 3
41 42 -1 41 66 68 -1 #SUP: 3
41 42 -1 41 68 -1 #SUP: 3
41 42 -1 41 70 -1 #SUP: 3
41 42 -1 41 70 71 -1 #SUP: 3
41 42 -1 41 71 -1 #SUP: 3
41 42 -1 42 -1 #SUP: 3
41 42 -1 42 -1 41 -1 #SUP: 3
41 42 -1 42 -1 41 42 -1 #SUP: 3
41 42 -1 42 -1 41 42 65 -1 #SUP: 3
41 42 -1 42 -1 41 42 65 66 -1 #SUP: 3
41 42 -1 42 -1 41 42 65 66 68 -1 #SUP: 3
41 42 -1 42 -1 41 42 65 68 -1 #SUP: 3
41 42 -1 42 -1 41 42 66 -1 #SUP: 3
41 42 -1 42 -1 41 42 66 68 -1 #SUP: 3
41 42 -1 42 -1 41 42 68 -1 #SUP: 3
41 42 -1 42 -1 41 65 -1 #SUP: 3
41 42 -1 42 -1 41 65 66 -1 #SUP: 3
41 42 -1 42 -1 41 65 66 68 -1 #SUP: 3
41 42 -1 42 -1 41 65 68 -1 #SUP: 3
41 42 -1 42 -1 41 66 -1 #SUP: 3
41 42 -1 42 -1 41 66 68 -1 #SUP: 3
41 42 -1 42 -1 41 68 -1 #SUP: 3
41 42 -1 42 -1 42 -1 #SUP: 3
41 42 -1 42 -1 42 65 -1 #SUP: 3
41 42 -1 42 -1 42 65 66 -1 #SUP: 3
41 42 -1 42 -1 42 65 66 68 -1 #SUP: 3
41 42 -1 42 -1 42 65 68 -1 #SUP: 3
41 42 -1 42 -1 42 66 -1 #SUP: 3
41 42 -1 42 -1 42 66 68 -1 #SUP: 3
41 42 -1 42 -1 42 68 -1 #SUP: 3
41 42 -1 42 -1 65 -1 #SUP: 3
41 42 -1 42 -1 65 66 -1 #SUP: 3
41 42 -1 42 -1 65 66 68 -1 #SUP: 3
41 42 -1 42 -1 65 68 -1 #SUP: 3
41 42 -1 42 -1 66 -1 #SUP: 3
41 42 -1 42 -1 66 68 -1 #SUP: 3
41 42 -1 42 -1 68 -1 #SUP: 3
41 42 -1 42 65 -1 #SUP: 3
41 42 -1 42 65 -1 41 -1 #SUP: 3
41 42 -1 42 65 -1 41 42 -1 #SUP: 3
41 42 -1 42 65 -1 41 42 65 -1 #SUP: 3
41 42 -1 42 65 -1 41 42 65 66 -1 #SUP: 3
41 42 -1 42 65 -1 41 42 65 66 68 -1 #SUP: 3
41 42 -1 42 65 -1 41 42 65 68 -1 #SUP: 3
41 42 -1 42 65 -1 41 42 66 -1 #SUP: 3
41 42 -1 42 65 -1 41 42 66 68 -1 #SUP: 3
41 42 -1 42 65 -1 41 42 68 -1 #SUP: 3
41 42 -1 42 65 -1 41 65 -1 #SUP: 3
41 42 -1 42 65 -1 41 65 66 -1 #SUP: 3
41 42 -1 42 65 -1 41 65 66 68 -1 #SUP: 3
41 42 -1 42 65 -1 41 65 68 -1 #SUP: 3
41 42 -1 42 65 -1 41 66 -1 #SUP: 3
41 42 -1 42 65 -1 41 66 68 -1 #SUP: 3
41 42 -1 42 65 -1 41 68 -1 #SUP: 3
41 42 -1 42 65 -1 42 -1 #SUP: 3
41 42 -1 42 65 -1 42 65 -1 #SUP: 3
41 42 -1 42 65 -1 42 65 66 -1 #SUP: 3
41 42 -1 42 65 -1 42 65 66 68 -1 #SUP: 3
41 42 -1 42 65 -1 42 65 68 -1 #SUP: 3
41 42 -1 42 65 -1 42 66 -1 #SUP: 3
41 42 -1 42 65 -1 42 66 68 -1 #SUP: 3
41 42 -1 42 65 -1 42 68 -1 #SUP: 3
41 42 -1 42 65 -1 65 -1 #SUP: 3
41 42 -1 42 65 -1 65 66 -1 #SUP: 3
41 42 -1 42 65 -1 65 66 68 -1 #SUP: 3
41 42 -1 42 65 -1 65 68 -1 #SUP: 3
41 42 -1 42 65 -1 66 -1 #SUP: 3
41 42 -1 42 65 -1 66 68 -1 #SUP: 3
41 42 -1 42 65 -1 68 -1 #SUP: 3
41 42 -1 42 65 66 -1 #SUP: 3
41 42 -1 42 65 66 68 -1 #SUP: 3
41 42 -1 42 65 68 -1 #SUP: 3
41 42 -1 42 65 70 -1 #SUP: 3
41 42 -1 42 65 70 71 -1 #SUP: 3
41 42 -1 42 65 71 -1 #SUP: 3
41 42 -1 42 66 -1 #SUP: 3
41 42 -1 42 66 68 -1 #SUP: 3
41 42 -1 42 68 -1 #SUP: 3
41 42 -1 42 70 -1 #SUP: 3
41 42 -1 42 70 71 -1 #SUP: 3
41 42 -1 42 71 -1 #SUP: 3
41 42 -1 52 -1 #SUP: 3
41 42 -1 65 -1 #SUP: 3
41 42 -1 65 -1 41 -1 #SUP: 3
41 42 -1 65 -1 41 42 -1 #SUP: 3
41 42 -1 65 -1 41 42 65 -1 #SUP: 3
41 42 -1 65 -1 41 42 65 66 -1 #SUP: 3
41 42 -1 65 -1 41 42 65 66 68 -1 #SUP: 3
41 42 -1 65 -1 41 42 65 68 -1 #SUP: 3
41 42 -1 65 -1 41 42 66 -1 #SUP: 3
41 42 -1 65 -1 41 42 66 68 -1 #SUP: 3
41 42 -1 65 -1 41 42 68 -1 #SUP: 3
41 42 -1 65 -1 41 65 -1 #SUP: 3
41 42 -1 65 -1 41 65 66 -1 #SUP: 3
41 42 -1 65 -1 41 65 66 68 -1 #SUP: 3
41 42 -1 65 -1 41 65 68 -1 #SUP: 3
41 42 -1 65 -1 41 66 -1 #SUP: 3
41 42 -1 65 -1 41 66 68 -1 #SUP: 3
41 42 -1 65 -1 41 68 -1 #SUP: 3
41 42 -1 65 -1 42 -1 #SUP: 3
41 42 -1 65 -1 42 65 -1 #SUP: 3
41 42 -1 65 -1 42 65 66 -1 #SUP: 3
41 42 -1 65 -1 42 65 66 68 -1 #SUP: 3
41 42 -1 65 -1 42 65 68 -1 #SUP: 3
41 42 -1 65 -1 42 66 -1 #SUP: 3
41 42 -1 65 -1 42 66 68 -1 #SUP: 3
41 42 -1 65 -1 42 68 -1 #SUP: 3
41 42 -1 65 -1 65 -1 #SUP: 3
41 42 -1 65 -1 65 66 -1 #SUP: 3
41 42 -1 65 -1 65 66 68 -1 #SUP: 3
41 42 -1 65 -1 65 68 -1 #SUP: 3
41 42 -1 65 -1 66 -1 #SUP: 3
41 42 -1 65 -1 66 68 -1 #SUP: 3
41 42 -1 65 -1 68 -1 #SUP: 3
41 42 -1 65 66 -1 #SUP: 3
41 42 -1 65 66 68 -1 #SUP: 3
41 42 -1 65 68 -1 #SUP: 3
41 42 -1 65 70 -1 #SUP: 3
41 42 -1 65 70 71 -1 #SUP: 3
41 42 -1 65 71 -1 #SUP: 3
41 42 -1 66 -1 #SUP: 3
41 42 -1 66 68 -1 #SUP: 3
41 42 -1 68 -1 #SUP: 3
41 42 -1 70 -1 #SUP: 3
41 42 -1 70 71 -1 #SUP: 3
41 42 -1 71 -1 #SUP: 3
41 42 65 -1 #SUP: 3
41 42 65 -1 41 -1 #SUP: 3
41 42 65 -1 41 42 -1 #SUP: 3
41 42 65 -1 41 42 65 -1 #SUP: 3
41 42 65 -1 41 42 65 66 -1 #SUP: 3
41 42 65 -1 41 42 65 66 68 -1 #SUP: 3
41 42 65 -1 41 42 65 68 -1 #SUP: 3
41 42 65 -1 41 42 66 -1 #SUP: 3
41 42 65 -1 41 42 66 68 -1 #SUP: 3
41 42 65 -1 41 42 68 -1 #SUP: 3
41 42 65 -1 41 65 -1 #SUP: 3
41 42 65 -1 41 65 66 -1 #SUP: 3
41 42 65 -1 41 65 66 68 -1 #SUP: 3
41 42 65 -1 41 65 68 -1 #SUP: 3
41 42 65 -1 41 66 -1 #SUP: 3
41 42 65 -1 41 66 68 -1 #SUP: 3
41 42 65 -1 41 68 -1 #SUP: 3
41 42 65 -1 42 -1 #SUP: 3
41 42 65 -1 42 65 -1 #SUP: 3
41 42 65 -1 42 65 66 -1 #SUP: 3
41 42 65 -1 42 65 66 68 -1 #SUP: 3
41 42 65 -1 42 65 68 -1 #SUP: 3
41 42 65 -1 42 66 -1 #SUP: 3
41 42 65 -1 42 66 68 -1 #SUP: 3
41 42 65 -1 42 68 -1 #SUP: 3
41 42 65 -1 65 -1 #SUP: 3
41 42 65 -1 65 66 -1 #SUP: 3
41 42 65 -1 65 66 68 -1 #SUP: 3
41 42 65 -1 65 68 -1 #SUP: 3
41 42 65 -1 66 -1 #SUP: 3
41 42 65 -1 66 68 -1 #SUP: 3
41 42 65 -1 68 -1 #SUP: 3
41 42 65 66 -1 #SUP: 3
41 42 65 66 68 -1 #SUP: 3
41 42 65 68 -1 #SUP: 3
41 42 65 70 -1 #SUP: 3
41 42 65 70 71 -1 #SUP: 3
41 42 65 71 -1 #SUP: 3
41 42 66 -1 #SUP: 3
41 42 66 68 -1 #SUP: 3
41 42 68 -1 #SUP: 3
41 42 70 -1 #SUP: 3
41 42 70 71 -1 #SUP: 3
41 42 71 -1 #SUP: 3
41 65 -1 #SUP: 3
41 65 -1 41 -1 #SUP: 3
41 65 -1 41 42 -1 #SUP: 3
41 65 -1 41 42 65 -1 #SUP: 3
41 65 -1 41 42 65 66 -1 #SUP: 3
41 65 -1 41 42 65 66 68 -1 #SUP: 3
41 65 -1 41 42 65 68 -1 #SUP: 3
41 65 -1 41 42 66 -1 #SUP: 3
41 65 -1 41 42 66 68 -1 #SUP: 3
41 65 -1 41 42 68 -1 #SUP: 3
41 65 -1 41 65 -1 #SUP: 3
41 65 -1 41 65 66 -1 #SUP: 3
41 65 -1 41 65 66 68 -1 #SUP: 3
41 65 -1 41 65 68 -1 #SUP: 3
41 65 -1 41 66 -1 #SUP: 3
41 65 -1 41 66 68 -1 #SUP: 3
41 65 -1 41 68 -1 #SUP: 3
41 65 -1 42 -1 #SUP: 3
41 65 -1 42 65 -1 #SUP: 3
41 65 -1 42 65 66 -1 #SUP: 3
41 65 -1 42 65 66 68 -1 #SUP: 3
41 65 -1 42 65 68 -1 #SUP: 3
41 65 -1 42 66 -1 #SUP: 3
41 65 -1 42 66 68 -1 #SUP: 3
41 65 -1 42 68 -1 #SUP: 3
41 65 -1 65 -1 #SUP: 3
41 65 -1 65 66 -1 #SUP: 3
41 65 -1 65 66 68 -1 #SUP: 3
41 65 -1 65 68 -1 #SUP: 3
41 65 -1 66 -1 #SUP: 3
41 65 -1 66 68 -1 #SUP: 3
41 65 -1 68 -1 #SUP: 3
41 65 66 -1 #SUP: 3
41 65 66 68 -1 #SUP: 3
41 65 68 -1 #SUP: 3
41 65 70 -1 #SUP: 3
41 65 70 71 -1 #SUP: 3
41 65 71 -1 #SUP: 3
41 66 -1 #SUP: 3
41 66 68 -1 #SUP: 3
41 68 -1 #SUP: 3
41 70 -1 #SUP: 3
41 70 71 -1 #SUP: 3
41 71 -1 #SUP: 3
42 -1 41 -1 #SUP: 3
42 -1 41 -1 41 -1 #SUP: 3
42 -1 41 -1 41 42 -1 #SUP: 3
42 -1 41 -1 41 42 65 -1 #SUP: 3
42 -1 41 -1 41 42 65 66 -1 #SUP: 3
42 -1 41 -1 41 42 65 66 68 -1 #SUP: 3
42 -1 41 -1 41 42 65 68 -1 #SUP: 3
42 -1 41 -1 41 42 66 -1 #SUP: 3
42 -1 41 -1 41 42 66 68 -1 #SUP: 3
42 -1 41 -1 41 42 68 -1 #SUP: 3
42 -1 41 -1 41 65 -1 #SUP: 3
42 -1 41 -1 41 65 66 -1 #SUP: 3
42 -1 41 -1 41 65 66 68 -1 #SUP: 3
42 -1 41 -1 41 65 68 -1 #SUP: 3
42 -1 41 -1 41 66 -1 #SUP: 3
42 -1 41 -1 41 66 68 -1 #SUP: 3
42 -1 41 -1 41 68 -1 #SUP: 3
42 -1 41 -1 42 -1 #SUP: 3
42 -1 41 -1 42 65 -1 #SUP: 3
42 -1 41 -1 42 65 66 -1 #SUP: 3
42 -1 41 -1 42 65 66 68 -1 #SUP: 3
42 -1 41 -1 42 65 68 -1 #SUP: 3
42 -1 41 -1 42 66 -1 #SUP: 3
42 -1 41 -1 42 66 68 -1 #SUP: 3
42 -1 41 -1 42 68 -1 #SUP: 3
42 -1 41 -1 65 -1 #SUP: 3
42 -1 41 -1 65 66 -1 #SUP: 3
42 -1 41 -1 65 66 68 -1 #SUP: 3
42 -1 41 -1 65 68 -1 #SUP: 3
42 -1 41 -1 66 -1 #SUP: 3
42 -1 41 -1 66 68 -1 #SUP: 3
42 -1 41 -1 68 -1 #SUP: 3
42 -1 41 42 -1 #SUP: 3
42 -1 41 42 -1 41 -1 #SUP: 3
42 -1 41 42 -1 41 42 -1 #SUP: 3
42 -1 41 42 -1 41 42 65 -1 #SUP: 3
42 -1 41 42 -1 41 42 65 66 -1 #SUP: 3
42 -1 41 42 -1 41 42 65 66 68 -1 #SUP: 3
42 -1 41 42 -1 41 42 65 68 -1 #SUP: 3
42 -1 41 42 -1 41 42 66 -1 #SUP: 3
42 -1 41 42 -1 41 42 66 68 -1 #SUP: 3
42 -1 41 42 -1 41 42 68 -1 #SUP: 3
42 -1 41 42 -1 41 65 -1 #SUP: 3
42 -1 41 42 -1 41 65 66 -1 #SUP: 3
42 -1 41 42 -1 41 65 66 68 -1 #SUP: 3
42 -1 41 42 -1 41 65 68 -1 #SUP: 3
42 -1 41 42 -1 41 66 -1 #SUP: 3
42 -1 41 42 -1 41 66 68 -1 #SUP: 3
42 -1 41 42 -1 41 68 -1 #SUP: 3
42 -1 41 42 -1 42 -1 #SUP: 3
42 -1 41 42 -1 42 65 -1 #SUP: 3
42 -1 41 42 -1 42 65 66 -1 #SUP: 3
42 -1 41 42 -1 42 65 66 68 -1 #SUP: 3
42 -1 41 42 -1 42 65 68 -1 #SUP: 3
42 -1 41 42 -1 42 66 -1 #SUP: 3
42 -1 41 42 -1 42 66 68 -1 #SUP: 3
42 -1 41 42 -1 42 68 -1 #SUP: 3
42 -1 41 42 -1 65 -1 #SUP: 3
42 -1 41 42 -1 65 66 -1 #SUP: 3
42 -1 41 42 -1 65 66 68 -1 #SUP: 3
42 -1 41 42 -1 65 68 -1 #SUP: 3
42 -1 41 42 -1 66 -1 #SUP: 3
42 -1 41 42 -1 66 68 -1 #SUP: 3
42 -1 41 42 -1 68 -1 #SUP: 3
42 -1 41 42 65 -1 #SUP: 3
42 -1 41 42 65 -1 41 -1 #SUP: 3
42 -1 41 42 65 -1 41 42 -1 #SUP: 3
42 -1 41 42 65 -1 41 42 65 -1 #SUP: 3
42 -1 41 42 65 -1 41 42 65 66 -1 #SUP: 3
42 -1 41 42 65 -1 41 42 65 66 68 -1 #SUP: 3
42 -1 41 42 65 -1 41 42 65 68 -1 #SUP: 3
42 -1 41 42 65 -1 41 42 66 -1 #SUP: 3
42 -1 41 42 65 -1 41 42 66 68 -1 #SUP: 3
42 -1 41 42 65 -1 41 42 68 -1 #SUP: 3
42 -1 41 42 65 -1 41 65 -1 #SUP: 3
42 -1 41 42 65 -1 41 65 66 -1 #SUP: 3
42 -1 41 42 65 -1 41 65 66 68 -1 #SUP: 3
42 -1 41 42 65 -1 41 65 68 -1 #SUP: 3
42 -1 41 42 65 -1 41 66 -1 #SUP: 3
42 -1 41 42 65 -1 41 66 68 -1 #SUP: 3
42 -1 41 42 65 -1 41 68 -1 #SUP: 3
42 -1 41 42 65 -1 42 -1 #SUP: 3
42 -1 41 42 65 -1 42 65 -1 #SUP: 3
42 -1 41 42 65 -1 42 65 66 -1 #SUP: 3
42 -1 41 42 65 -1 42 65 66 68 -1 #SUP: 3
42 -1 41 42 65 -1 42 65 68 -1 #SUP: 3
42 -1 41 42 65 -1 42 66 -1 #SUP: 3
42 -1 41 42 65 -1 42 66 68 -1 #SUP: 3
42 -1 41 42 65 -1 42 68 -1 #SUP: 3
42 -1 41 42 65 -1 65 -1 #SUP: 3
42 -1 41 42 65 -1 65 66 -1 #SUP: 3
42 -1 41 42 65 -1 65 66 68 -1 #SUP: 3
42 -1 41 42 65 -1 65 68 -1 #SUP: 3
42 -1 41 42 65 -1 66 -1 #SUP: 3
42 -1 41 42 65 -1 66 68 -1 #SUP: 3
42 -1 41 42 65 -1 68 -1 #SUP: 3
42 -1 41 42 65 66 -1 #SUP: 3
42 -1 41 42 65 66 68 -1 #SUP: 3
42 -1 41 42 65 68 -1 #SUP: 3
42 -1 41 42 65 70 -1 #SUP: 3
42 -1 41 42 65 70 71 -1 #SUP: 3
42 -1 41 42 65 71 -1 #SUP: 3
42 -1 41 42 66 -1 #SUP: 3
42 -1 41 42 66 68 -1 #SUP: 3
42 -1 41 42 68 -1 #SUP: 3
42 -1 41 42 70 -1 #SUP: 3
42 -1 41 42 70 71 -1 #SUP: 3
42 -1 41 42 71 -1 #SUP: 3
42 -1 41 65 -1 #SUP: 3
42 -1 41 65 -1 41 -1 #SUP: 3
42 -1 41 65 -1 41 42 -1 #SUP: 3
42 -1 41 65 -1 41 42 65 -1 #SUP: 3
42 -1 41 65 -1 41 42 65 66 -1 #SUP: 3
42 -1 41 65 -1 41 42 65 66 68 -1 #SUP: 3
42 -1 41 65 -1 41 42 65 68 -1 #SUP: 3
42 -1 41 65 -1 41 42 66 -1 #SUP: 3
42 -1 41 65 -1 41 42 66 68 -1 #SUP: 3
42 -1 41 65 -1 41 42 68 -1 #SUP: 3
42 -1 41 65 -1 41 65 -1 #SUP: 3
42 -1 41 65 -1 41 65 66 -1 #SUP: 3
42 -1 41 65 -1 41 65 66 68 -1 #SUP: 3
42 -1 41 65 -1 41 65 68 -1 #SUP: 3
42 -1 41 65 -1 41 66 -1 #SUP: 3
42 -1 41 65 -1 41 66 68 -1 #SUP: 3
42 -1 41 65 -1 41 68 -1 #SUP: 3
42 -1 41 65 -1 42 -1 #SUP: 3
42 -1 41 65 -1 42 65 -1 #SUP: 3
42 -1 41 65 -1 42 65 66 -1 #SUP: 3
42 -1 41 65 -1 42 65 66 68 -1 #SUP: 3
42 -1 41 65 -1 42 65 68 -1 #SUP: 3
42 -1 41 65 -1 42 66 -1 #SUP: 3
42 -1 41 65 -1 42 66 68 -1 #SUP: 3
42 -1 41 65 -1 42 68 -1 #SUP: 3
42 -1 41 65 -1 65 -1 #SUP: 3
42 -1 41 65 -1 65 66 -1 #SUP: 3
42 -1 41 65 -1 65 66 68 -1 #SUP: 3
42 -1 41 65 -1 65 68 -1 #SUP: 3
42 -1 41 65 -1 66 -1 #SUP: 3
42 -1 41 65 -1 66 68 -1 #SUP: 3
42 -1 41 65 -1 68 -1 #SUP: 3
42 -1 41 65 66 -1 #SUP: 3
42 -1 41 65 66 68 -1 #SUP: 3
42 -1 41 65 68 -1 #SUP: 3
42 -1 41 65 70 -1 #SUP: 3
42 -1 41 65 70 71 -1 #SUP: 3
42 -1 41 65 71 -1 #SUP: 3
42 -1 41 66 -1 #SUP: 3
42 -1 41 66 68 -1 #SUP: 3
42 -1 41 68 -1 #SUP: 3
42 -1 41 70 -1 #SUP: 3
42 -1 41 70 71 -1 #SUP: 3
42 -1 41 71 -1 #SUP: 3
42 -1 42 -1 #SUP: 3
42 -1 42 -1 41 -1 #SUP: 3
42 -1 42 -1 41 42 -1 #SUP: 3
42 -1 42 -1 41 42 65 -1 #SUP: 3
42 -1 42 -1 41 42 65 66 -1 #SUP: 3
42 -1 42 -1 41 42 65 66 68 -1 #SUP: 3
42 -1 42 -1 41 42 65 68 -1 #SUP: 3
42 -1 42 -1 41 42 66 -1 #SUP: 3
42 -1 42 -1 41 42 66 68 -1 #SUP: 3
42 -1 42 -1 41 42 68 -1 #SUP: 3
42 -1 42 -1 41 65 -1 #SUP: 3
42 -1 42 -1 41 65 66 -1 #SUP: 3
42 -1 42 -1 41 65 66 68 -1 #SUP: 3
42 -1 42 -1 41 65 68 -1 #SUP: 3
42 -1 42 -1 41 66 -1 #SUP: 3
42 -1 42 -1 41 66 68 -1 #SUP: 3
42 -1 42 -1 41 68 -1 #SUP: 3
42 -1 42 -1 42 -1 #SUP: 3
42 -1 42 -1 42 65 -1 #SUP: 3
42 -1 42 -1 42 65 66 -1 #SUP: 3
42 -1 42 -1 42 65 66 68 -1 #SUP: 3
42 -1 42 -1 42 65 68 -1 #SUP: 3
42 -1 42 -1 42 66 -1 #SUP: 3
42 -1 42 -1 42 66 68 -1 #SUP: 3
42 -1 42 -1 42 68 -1 #SUP: 3
42 -1 42 -1 65 -1 #SUP: 3
42 -1 42 -1 65 66 -1 #SUP: 3
42 -1 42 -1 65 66 68 -1 #SUP: 3
42 -1 42 -1 65 68 -1 #SUP: 3
42 -1 42 -1 66 -1 #SUP: 3
42 -1 42 -1 66 68 -1 #SUP: 3
42 -1 42 -1 68 -1 #SUP: 3
42 -1 42 65 -1 #SUP: 3
42 -1 42 65 -1 41 -1 #SUP: 3
42 -1 42 65 -1 41 42 -1 #SUP: 3
42 -1 42 65 -1 41 42 65 -1 #SUP: 3
42 -1 42 65 -1 41 42 65 66 -1 #SUP: 3
42 -1 42 65 -1 41 42 65 66 68 -1 #SUP: 3
42 -1 42 65 -1 41 42 65 68 -1 #SUP: 3
42 -1 42 65 -1 41 42 66 -1 #SUP: 3
42 -1 42 65 -1 41 42 66 68 -1 #SUP: 3
42 -1 42 65 -1 41 42 68 -1 #SUP: 3
42 -1 42 65 -1 41 65 -1 #SUP: 3
42 -1 42 65 -1 41 65 66 -1 #SUP: 3
42 -1 42 65 -1 41 65 66 68 -1 #SUP: 3
42 -1 42 65 -1 41 65 68 -1 #SUP: 3
42 -1 42 65 -1 41 66 -1 #SUP: 3
42 -1 42 65 -1 41 66 68 -1 #SUP: 3
42 -1 42 65 -1 41 68 -1 #SUP: 3
42 -1 42 65 -1 42 -1 #SUP: 3
42 -1 42 65 -1 42 65 -1 #SUP: 3
42 -1 42 65 -1 42 65 66 -1 #SUP: 3
42 -1 42 65 -1 42 65 66 68 -1 #SUP: 3
42 -1 42 65 -1 42 65 68 -1 #SUP: 3
42 -1 42 65 -1 42 66 -1 #SUP: 3
42 -1 42 65 -1 42 66 68 -1 #SUP: 3
42 -1 42 65 -1 42 68 -1 #SUP: 3
42 -1 42 65 -1 65 -1 #SUP: 3
42 -1 42 65 -1 65 66 -1 #SUP: 3
42 -1 42 65 -1 65 66 68 -1 #SUP: 3
42 -1 42 65 -1 65 68 -1 #SUP: 3
42 -1 42 65 -1 66 -1 #SUP: 3
42 -1 42 65 -1 66 68 -1 #SUP: 3
42 -1 42 65 -1 68 -1 #SUP: 3
42 -1 42 65 66 -1 #SUP: 3
42 -1 42 65 66 68 -1 #SUP: 3
42 -1 42 65 68 -1 #SUP: 3
42 -1 42 65 70 -1 #SUP: 3
42 -1 42 65 70 71 -1 #SUP: 3
42 -1 42 65 71 -1 #SUP: 3
42 -1 42 66 -1 #SUP: 3
42 -1 42 66 68 -1 #SUP: 3
42 -1 42 68 -1 #SUP: 3
42 -1 42 70 -1 #SUP: 3
42 -1 42 70 71 -1 #SUP: 3
42 -1 42 71 -1 #SUP: 3
42 -1 52 -1 #SUP: 3
42 -1 65 -1 #SUP: 3
42 -1 65 -1 41 -1 #SUP: 3
42 -1 65 -1 41 42 -1 #SUP: 3
42 -1 65 -1 41 42 65 -1 #SUP: 3
42 -1 65 -1 41 42 65 66 -1 #SUP: 3
42 -1 65 -1 41 42 65 66 68 -1 #SUP: 3
42 -1 65 -1 41 42 65 68 -1 #SUP: 3
42 -1 65 -1 41 42 66 -1 #SUP: 3
42 -1 65 -1 41 42 66 68 -1 #SUP: 3
42 -1 65 -1 41 42 68 -1 #SUP: 3
42 -1 65 -1 41 65 -1 #SUP: 3
42 -1 65 -1 41 65 66 -1 #SUP: 3
42 -1 65 -1 41 65 66 68 -1 #SUP: 3
42 -1 65 -1 41 65 68 -1 #SUP: 3
42 -1 65 -1 41 66 -1 #SUP: 3
42 -1 65 -1 41 66 68 -1 #SUP: 3
42 -1 65 -1 41 68 -1 #SUP: 3
42 -1 65 -1 42 -1 #SUP: 3
42 -1 65 -1 42 65 -1 #SUP: 3
42 -1 65 -1 42 65 66 -1 #SUP: 3
42 -1 65 -1 42 65 66 68 -1 #SUP: 3
42 -1 65 -1 42 65 68 -1 #SUP: 3
42 -1 65 -1 42 66 -1 #SUP: 3
42 -1 65 -1 42 66 68 -1 #SUP: 3
42 -1 65 -1 42 68 -1 #SUP: 3
42 -1 65 -1 65 -1 #SUP: 3
42 -1 65 -1 65 66 -1 #SUP: 3
42 -1 65 -1 65 66 68 -1 #SUP: 3
42 -1 65 -1 65 68 -1 #SUP: 3
42 -1 65 -1 66 -1 #SUP: 3
42 -1 65 -1 66 68 -1 #SUP: 3
42 -1 65 -1 68 -1 #SUP: 3
42 -1 65 66 -1 #SUP: 3
42 -1 65 66 68 -1 #SUP: 3
42 -1 65 68 -1 #SUP: 3
42 -1 65 70 -1 #SUP: 3
42 -1 65 70 71 -1 #SUP: 3
42 -1 65 71 -1 #SUP: 3
42 -1 66 -1 #SUP: 3
42 -1 66 68 -1 #SUP: 3
42 -1 68 -1 #SUP: 3
42 -1 70 -1 #SUP: 3
42 -1 70 71 -1 #SUP: 3
42 -1 71 -1 #SUP: 3
42 65 -1 #SUP: 3
42 65 -1 41 -1 #SUP: 3
42 65 -1 41 42 -1 #SUP: 3
42 65 -1 41 42 65 -1 #SUP: 3
42 65 -1 41 42 65 66 -1 #SUP: 3
42 65 -1 41 42 65 66 68 -1 #SUP: 3
42 65 -1 41 42 65 68 -1 #SUP: 3
42 65 -1 41 42 66 -1 #SUP: 3
42 65 -1 41 42 66 68 -1 #SUP: 3
42 65 -1 41 42 68 -1 #SUP: 3
42 65 -1 41 65 -1 #SUP: 3
42 65 -1 41 65 66 -1 #SUP: 3
42 65 -1 41 65 66 68 -1 #SUP: 3
42 65 -1 41 65 68 -1 #SUP: 3
42 65 -1 41 66 -1 #SUP: 3
42 65 -1 41 66 68 -1 #SUP: 3
42 65 -1 41 68 -1 #SUP: 3
42 65 -1 42 -1 #SUP: 3
42 65 -1 42 65 -1 #SUP: 3
42 65 -1 42 65 66 -1 #SUP: 3
42 65 -1 42 65 66 68 -1 #SUP: 3
42 65 -1 42 65 68 -1 #SUP: 3
42 65 -1 42 66 -1 #SUP: 3
42 65 -1 42 66 68 -1 #SUP: 3
42 65 -1 42 68 -1 #SUP: 3
42 65 -1 65 -1 #SUP: 3
42 65 -1 65 66 -1 #SUP: 3
42 65 -1 65 66 68 -1 #SUP: 3
42 65 -1 65 68 -1 #SUP: 3
42 65 -1 66 -1 #SUP: 3
42 65 -1 66 68 -1 #SUP: 3
42 65 -1 68 -1 #SUP: 3
42 65 66 -1 #SUP: 3
42 65 66 68 -1 #SUP: 3
42 65 68 -1 #SUP: 3
42 65 70 -1 #SUP: 3
42 65 70 71 -1 #SUP: 3
42 65 71 -1 #SUP: 3
42 66 -1 #SUP: 3
42 66 68 -1 #SUP: 3
42 68 -1 #SUP: 3
42 70 -1 #SUP: 3
42 70 71 -1 #SUP: 3
42 71 -1 #SUP: 3
65 -1 41 -1 #SUP: 3
65 -1 41 42 -1 #SUP: 3
65 -1 41 42 65 -1 #SUP: 3
65 -1 41 42 65 66 -1 #SUP: 3
65 -1 41 42 65 66 68 -1 #SUP: 3
65 -1 41 42 65 68 -1 #SUP: 3
65 -1 41 42 66 -1 #SUP: 3
65 -1 41 42 66 68 -1 #SUP: 3
65 -1 41 42 68 -1 #SUP: 3
65 -1 41 65 -1 #SUP: 3
65 -1 41 65 66 -1 #SUP: 3
65 -1 41 65 66 68 -1 #SUP: 3
65 -1 41 65 68 -1 #SUP: 3
65 -1 41 66 -1 #SUP: 3
65 -1 41 66 68 -1 #SUP: 3
65 -1 41 68 -1 #SUP: 3
65 -1 42 -1 #SUP: 3
65 -1 42 65 -1 #SUP: 3
65 -1 42 65 66 -1 #SUP: 3
65 -1 42 65 66 68 -1 #SUP: 3
65 -1 42 65 68 -1 #SUP: 3
65 -1 42 66 -1 #SUP: 3
65 -1 42 66 68 -1 #SUP: 3
65 -1 42 68 -1 #SUP: 3
65 -1 65 -1 #SUP: 3
65 -1 65 66 -1 #SUP: 3
65 -1 65 66 68 -1 #SUP: 3
65 -1 65 68 -1 #SUP: 3
65 -1 66 -1 #SUP: 3
65 -1 66 68 -1 #SUP: 3
65 -1 68 -1 #SUP: 3
65 66 -1 #SUP: 3
65 66 68 -1 #SUP: 3
65 68 -1 #SUP: 3
65 70 -1 #SUP: 3
65 70 71 -1 #SUP: 3
65 71 -1 #SUP: 3
66 68 -1 #SUP: 3
70 71 -1 #SUP: 3
