1 -1 #SUP: 11
2 -1 #SUP: 19
11 -1 #SUP: 9
12 -1 #SUP: 3
20 -1 #SUP: 4
21 -1 #SUP: 5
22 -1 #SUP: 3
23 -1 #SUP: 5
24 -1 #SUP: 4
29 -1 #SUP: 3
30 -1 #SUP: 5
32 -1 #SUP: 3
36 -1 #SUP: 5
39 -1 #SUP: 6
41 -1 #SUP: 11
42 -1 #SUP: 11
52 -1 #SUP: 3
65 -1 #SUP: 3
66 -1 #SUP: 3
68 -1 #SUP: 3
70 -1 #SUP: 3
71 -1 #SUP: 3
1 -1 1 -1 #SUP: 3
1 -1 2 -1 #SUP: 3
2 -1 1 -1 #SUP: 3
1 2 -1 #SUP: 3
2 -1 2 -1 #SUP: 4
2 -1 11 -1 #SUP: 3
2 -1 20 -1 #SUP: 3
2 20 -1 #SUP: 3
2 -1 24 -1 #SUP: 3
2 42 -1 #SUP: 3
41 42 -1 #SUP: 6
42 -1 52 -1 #SUP: 3
1 -1 1 2 -1 #SUP: 3
2 -1 1 2 -1 #SUP: 3
1 2 -1 1 -1 #SUP: 3
1 2 -1 2 -1 #SUP: 3
1 2 -1 1 2 -1 #SUP: 3
